Distribution of neutrino fluxes in the BP00 standard solar model model.

astro-ph/0010346

Columns in the Table below represent:

1) Radius of the zone in units of one solar radius
2) Temperature in units of 10^6 deg (K)
3) Logarithm (to the base 10) of the electron density in units of
   cm^{-3}/N_A, where N_A is the Avogadro number
4) Mass of the zone with the given radius in units of one solar mass
5) X(^7Be): beryllium-7 mass fraction
   [For special purposes, it is useful to know the 7^Be mass fraction.]
6) Fraction of pp neutrinos produced in the zone
7) Fraction of boron 8 neutrinos produced in the zone
8) Fraction of nitrogen 13 neutrinos produced in the zone
9) Fraction of oxygen 15 neutrinos produced in the zone
10) Fraction of florine 17 neutrinos produced in the zone
11) Fraction of beryllium 7 neutrinos produced in the zone
12) Fraction of pep neutrinos produced in the zone
13) Fraction of hep neutrinos produced in the zone

The integrated fluxes given in Table7 of BP00 are listed below:


 5.95E+00 1.400E-02 9.3E-07 4.77E-01 5.05E-04 5.48E-02 4.80E-02 5.63E-04

The Table begins here.

0.00650 15.681 2.009 3.049E-05 1.732E-11 1.891E-04 2.376E-03 1.900E-03 2.172E-03 2.241E-03 9.527E-04 2.981E-04 7.734E-05
0.00661 15.681 2.009 1.437E-06 1.732E-11 8.912E-06 1.119E-04 8.950E-05 1.023E-04 1.056E-04 4.489E-05 1.405E-05 3.646E-06
0.00671 15.680 2.009 1.505E-06 1.732E-11 9.333E-06 1.171E-04 9.367E-05 1.070E-04 1.105E-04 4.699E-05 1.471E-05 3.818E-06
0.00681 15.680 2.009 1.575E-06 1.731E-11 9.773E-06 1.226E-04 9.803E-05 1.120E-04 1.156E-04 4.919E-05 1.541E-05 3.999E-06
0.00692 15.679 2.009 1.650E-06 1.731E-11 1.023E-05 1.283E-04 1.026E-04 1.172E-04 1.210E-04 5.149E-05 1.613E-05 4.188E-06
0.00702 15.679 2.009 1.727E-06 1.731E-11 1.072E-05 1.342E-04 1.073E-04 1.226E-04 1.266E-04 5.391E-05 1.689E-05 4.387E-06
0.00713 15.678 2.009 1.809E-06 1.730E-11 1.122E-05 1.405E-04 1.123E-04 1.283E-04 1.325E-04 5.643E-05 1.769E-05 4.594E-06
0.00724 15.677 2.009 1.894E-06 1.730E-11 1.175E-05 1.470E-04 1.175E-04 1.343E-04 1.386E-04 5.907E-05 1.852E-05 4.812E-06
0.00735 15.677 2.009 1.983E-06 1.729E-11 1.231E-05 1.538E-04 1.230E-04 1.405E-04 1.451E-04 6.183E-05 1.939E-05 5.040E-06
0.00747 15.676 2.009 2.077E-06 1.729E-11 1.289E-05 1.609E-04 1.287E-04 1.470E-04 1.518E-04 6.473E-05 2.030E-05 5.279E-06
0.00758 15.676 2.009 2.175E-06 1.728E-11 1.349E-05 1.684E-04 1.346E-04 1.538E-04 1.588E-04 6.776E-05 2.126E-05 5.529E-06
0.00770 15.675 2.009 2.277E-06 1.728E-11 1.413E-05 1.762E-04 1.408E-04 1.609E-04 1.662E-04 7.092E-05 2.226E-05 5.791E-06
0.00782 15.674 2.009 2.384E-06 1.727E-11 1.480E-05 1.843E-04 1.474E-04 1.684E-04 1.739E-04 7.424E-05 2.331E-05 6.065E-06
0.00794 15.674 2.009 2.497E-06 1.727E-11 1.549E-05 1.929E-04 1.541E-04 1.762E-04 1.819E-04 7.770E-05 2.441E-05 6.353E-06
0.00807 15.673 2.009 2.615E-06 1.726E-11 1.623E-05 2.018E-04 1.613E-04 1.843E-04 1.903E-04 8.134E-05 2.555E-05 6.655E-06
0.00819 15.672 2.009 2.738E-06 1.726E-11 1.699E-05 2.111E-04 1.687E-04 1.928E-04 1.991E-04 8.513E-05 2.676E-05 6.970E-06
0.00832 15.672 2.008 2.867E-06 1.725E-11 1.779E-05 2.209E-04 1.765E-04 2.017E-04 2.083E-04 8.911E-05 2.802E-05 7.301E-06
0.00845 15.671 2.008 3.002E-06 1.725E-11 1.863E-05 2.311E-04 1.846E-04 2.110E-04 2.179E-04 9.328E-05 2.934E-05 7.648E-06
0.00858 15.670 2.008 3.143E-06 1.724E-11 1.951E-05 2.417E-04 1.931E-04 2.207E-04 2.279E-04 9.763E-05 3.072E-05 8.011E-06
0.00871 15.669 2.008 3.291E-06 1.724E-11 2.043E-05 2.529E-04 2.020E-04 2.308E-04 2.385E-04 1.022E-04 3.216E-05 8.391E-06
0.00884 15.668 2.008 3.447E-06 1.723E-11 2.140E-05 2.645E-04 2.113E-04 2.414E-04 2.494E-04 1.070E-04 3.368E-05 8.790E-06
0.00898 15.668 2.008 3.609E-06 1.722E-11 2.241E-05 2.767E-04 2.210E-04 2.525E-04 2.609E-04 1.119E-04 3.526E-05 9.207E-06
0.00912 15.667 2.008 3.779E-06 1.722E-11 2.346E-05 2.894E-04 2.311E-04 2.641E-04 2.729E-04 1.172E-04 3.692E-05 9.645E-06
0.00926 15.666 2.008 3.957E-06 1.721E-11 2.457E-05 3.027E-04 2.417E-04 2.762E-04 2.854E-04 1.226E-04 3.866E-05 1.010E-05
0.00941 15.665 2.008 4.144E-06 1.720E-11 2.573E-05 3.166E-04 2.528E-04 2.889E-04 2.985E-04 1.283E-04 4.048E-05 1.058E-05
0.00955 15.664 2.008 4.339E-06 1.720E-11 2.694E-05 3.312E-04 2.643E-04 3.021E-04 3.122E-04 1.343E-04 4.238E-05 1.109E-05
0.00970 15.663 2.008 4.544E-06 1.719E-11 2.822E-05 3.463E-04 2.765E-04 3.159E-04 3.265E-04 1.405E-04 4.437E-05 1.161E-05
0.00985 15.662 2.008 4.758E-06 1.718E-11 2.955E-05 3.622E-04 2.891E-04 3.304E-04 3.415E-04 1.471E-04 4.646E-05 1.217E-05
0.01000 15.661 2.008 4.982E-06 1.717E-11 3.094E-05 3.788E-04 3.024E-04 3.454E-04 3.571E-04 1.539E-04 4.865E-05 1.275E-05
0.01016 15.660 2.008 5.217E-06 1.716E-11 3.240E-05 3.961E-04 3.161E-04 3.612E-04 3.734E-04 1.611E-04 5.094E-05 1.335E-05
0.01032 15.659 2.008 5.463E-06 1.716E-11 3.393E-05 4.142E-04 3.305E-04 3.776E-04 3.904E-04 1.686E-04 5.333E-05 1.399E-05
0.01048 15.657 2.008 5.720E-06 1.715E-11 3.553E-05 4.331E-04 3.456E-04 3.949E-04 4.083E-04 1.764E-04 5.584E-05 1.465E-05
0.01064 15.656 2.007 5.990E-06 1.714E-11 3.721E-05 4.529E-04 3.613E-04 4.128E-04 4.269E-04 1.846E-04 5.847E-05 1.535E-05
0.01080 15.655 2.007 6.272E-06 1.713E-11 3.897E-05 4.735E-04 3.776E-04 4.315E-04 4.462E-04 1.932E-04 6.122E-05 1.609E-05
0.01097 15.654 2.007 6.567E-06 1.712E-11 4.081E-05 4.950E-04 3.947E-04 4.511E-04 4.665E-04 2.021E-04 6.410E-05 1.685E-05
0.01114 15.652 2.007 6.877E-06 1.711E-11 4.273E-05 5.175E-04 4.127E-04 4.715E-04 4.877E-04 2.115E-04 6.711E-05 1.765E-05
0.01131 15.651 2.007 7.201E-06 1.710E-11 4.475E-05 5.410E-04 4.314E-04 4.928E-04 5.098E-04 2.213E-04 7.026E-05 1.850E-05
0.01149 15.650 2.007 7.540E-06 1.709E-11 4.687E-05 5.655E-04 4.508E-04 5.151E-04 5.329E-04 2.315E-04 7.357E-05 1.938E-05
0.01167 15.648 2.007 7.896E-06 1.708E-11 4.908E-05 5.911E-04 4.711E-04 5.383E-04 5.570E-04 2.422E-04 7.703E-05 2.031E-05
0.01185 15.647 2.007 8.268E-06 1.707E-11 5.140E-05 6.178E-04 4.923E-04 5.626E-04 5.822E-04 2.534E-04 8.065E-05 2.127E-05
0.01203 15.645 2.007 8.658E-06 1.705E-11 5.382E-05 6.457E-04 5.144E-04 5.879E-04 6.085E-04 2.651E-04 8.444E-05 2.229E-05
0.01222 15.644 2.007 9.066E-06 1.704E-11 5.637E-05 6.749E-04 5.378E-04 6.143E-04 6.359E-04 2.774E-04 8.841E-05 2.336E-05
0.01241 15.642 2.006 9.493E-06 1.703E-11 5.903E-05 7.052E-04 5.619E-04 6.419E-04 6.644E-04 2.902E-04 9.256E-05 2.447E-05
0.01260 15.640 2.006 9.940E-06 1.702E-11 6.182E-05 7.369E-04 5.870E-04 6.706E-04 6.943E-04 3.036E-04 9.691E-05 2.565E-05
0.01280 15.638 2.006 1.041E-05 1.701E-11 6.474E-05 7.701E-04 6.133E-04 7.006E-04 7.254E-04 3.176E-04 1.015E-04 2.688E-05
0.01300 15.637 2.006 1.090E-05 1.699E-11 6.779E-05 8.045E-04 6.407E-04 7.319E-04 7.579E-04 3.322E-04 1.062E-04 2.816E-05
0.01320 15.635 2.006 1.141E-05 1.698E-11 7.100E-05 8.405E-04 6.692E-04 7.646E-04 7.917E-04 3.475E-04 1.112E-04 2.951E-05
0.01341 15.633 2.006 1.195E-05 1.696E-11 7.435E-05 8.781E-04 6.987E-04 7.986E-04 8.270E-04 3.635E-04 1.164E-04 3.093E-05
0.01362 15.631 2.006 1.251E-05 1.695E-11 7.786E-05 9.173E-04 7.298E-04 8.340E-04 8.639E-04 3.802E-04 1.219E-04 3.241E-05
0.01383 15.629 2.006 1.310E-05 1.693E-11 8.154E-05 9.581E-04 7.622E-04 8.710E-04 9.023E-04 3.976E-04 1.276E-04 3.396E-05
0.01404 15.627 2.005 1.372E-05 1.692E-11 8.540E-05 1.001E-03 7.959E-04 9.095E-04 9.423E-04 4.159E-04 1.336E-04 3.560E-05
0.01426 15.625 2.005 1.437E-05 1.690E-11 8.943E-05 1.045E-03 8.312E-04 9.496E-04 9.841E-04 4.349E-04 1.399E-04 3.731E-05
0.01448 15.622 2.005 1.505E-05 1.689E-11 9.366E-05 1.091E-03 8.675E-04 9.915E-04 1.028E-03 4.549E-04 1.465E-04 3.910E-05
0.01471 15.620 2.005 1.575E-05 1.687E-11 9.808E-05 1.140E-03 9.057E-04 1.035E-03 1.073E-03 4.757E-04 1.533E-04 4.098E-05
0.01494 15.618 2.005 1.650E-05 1.685E-11 1.027E-04 1.190E-03 9.456E-04 1.080E-03 1.120E-03 4.974E-04 1.605E-04 4.295E-05
0.01517 15.615 2.005 1.727E-05 1.683E-11 1.076E-04 1.242E-03 9.867E-04 1.128E-03 1.169E-03 5.201E-04 1.681E-04 4.502E-05
0.01541 15.613 2.005 1.809E-05 1.681E-11 1.127E-04 1.296E-03 1.030E-03 1.177E-03 1.220E-03 5.438E-04 1.759E-04 4.719E-05
0.01565 15.610 2.004 1.894E-05 1.679E-11 1.180E-04 1.353E-03 1.075E-03 1.228E-03 1.274E-03 5.686E-04 1.842E-04 4.946E-05
0.01589 15.608 2.004 1.983E-05 1.677E-11 1.236E-04 1.412E-03 1.121E-03 1.281E-03 1.329E-03 5.945E-04 1.928E-04 5.185E-05
0.01614 15.605 2.004 2.077E-05 1.675E-11 1.294E-04 1.474E-03 1.170E-03 1.337E-03 1.387E-03 6.215E-04 2.019E-04 5.435E-05
0.01639 15.602 2.004 2.175E-05 1.673E-11 1.355E-04 1.538E-03 1.221E-03 1.395E-03 1.447E-03 6.497E-04 2.113E-04 5.698E-05
0.01665 15.599 2.004 2.277E-05 1.671E-11 1.419E-04 1.604E-03 1.273E-03 1.455E-03 1.510E-03 6.792E-04 2.212E-04 5.973E-05
0.01691 15.596 2.003 2.384E-05 1.668E-11 1.486E-04 1.674E-03 1.328E-03 1.517E-03 1.575E-03 7.099E-04 2.316E-04 6.261E-05
0.01717 15.593 2.003 2.497E-05 1.666E-11 1.557E-04 1.746E-03 1.385E-03 1.582E-03 1.643E-03 7.421E-04 2.425E-04 6.565E-05
0.01744 15.590 2.003 2.615E-05 1.664E-11 1.630E-04 1.821E-03 1.444E-03 1.649E-03 1.713E-03 7.756E-04 2.538E-04 6.883E-05
0.01771 15.586 2.003 2.738E-05 1.661E-11 1.707E-04 1.899E-03 1.505E-03 1.720E-03 1.786E-03 8.106E-04 2.657E-04 7.217E-05
0.01799 15.583 2.003 2.867E-05 1.659E-11 1.788E-04 1.980E-03 1.569E-03 1.793E-03 1.862E-03 8.471E-04 2.781E-04 7.567E-05
0.01827 15.580 2.002 3.002E-05 1.656E-11 1.873E-04 2.064E-03 1.635E-03 1.868E-03 1.941E-03 8.851E-04 2.911E-04 7.933E-05
0.01855 15.576 2.002 3.143E-05 1.653E-11 1.961E-04 2.151E-03 1.704E-03 1.947E-03 2.023E-03 9.249E-04 3.048E-04 8.319E-05
0.01884 15.572 2.002 3.291E-05 1.650E-11 2.054E-04 2.242E-03 1.775E-03 2.029E-03 2.108E-03 9.664E-04 3.190E-04 8.724E-05
0.01914 15.568 2.002 3.447E-05 1.647E-11 2.151E-04 2.336E-03 1.849E-03 2.113E-03 2.197E-03 1.010E-03 3.339E-04 9.148E-05
0.01944 15.564 2.001 3.609E-05 1.644E-11 2.253E-04 2.434E-03 1.926E-03 2.201E-03 2.289E-03 1.055E-03 3.495E-04 9.594E-05
0.01974 15.560 2.001 3.779E-05 1.641E-11 2.360E-04 2.536E-03 2.006E-03 2.292E-03 2.384E-03 1.102E-03 3.659E-04 1.006E-04
0.02005 15.556 2.001 3.957E-05 1.638E-11 2.471E-04 2.641E-03 2.089E-03 2.387E-03 2.483E-03 1.151E-03 3.829E-04 1.055E-04
0.02036 15.552 2.000 4.144E-05 1.635E-11 2.588E-04 2.750E-03 2.175E-03 2.485E-03 2.586E-03 1.202E-03 4.008E-04 1.107E-04
0.02068 15.547 2.000 4.339E-05 1.631E-11 2.711E-04 2.863E-03 2.264E-03 2.587E-03 2.692E-03 1.255E-03 4.195E-04 1.161E-04
0.02101 15.543 2.000 4.544E-05 1.628E-11 2.839E-04 2.981E-03 2.356E-03 2.692E-03 2.802E-03 1.311E-03 4.391E-04 1.218E-04
0.02134 15.538 1.999 4.758E-05 1.624E-11 2.973E-04 3.102E-03 2.452E-03 2.801E-03 2.916E-03 1.369E-03 4.596E-04 1.277E-04
0.02167 15.533 1.999 4.982E-05 1.620E-11 3.114E-04 3.228E-03 2.550E-03 2.914E-03 3.034E-03 1.429E-03 4.810E-04 1.340E-04
0.02201 15.528 1.999 5.217E-05 1.616E-11 3.261E-04 3.359E-03 2.652E-03 3.030E-03 3.156E-03 1.492E-03 5.034E-04 1.406E-04
0.02236 15.523 1.998 5.463E-05 1.612E-11 3.416E-04 3.493E-03 2.758E-03 3.151E-03 3.283E-03 1.557E-03 5.268E-04 1.475E-04
0.02271 15.517 1.998 5.720E-05 1.608E-11 3.577E-04 3.632E-03 2.868E-03 3.276E-03 3.414E-03 1.625E-03 5.513E-04 1.547E-04
0.02307 15.512 1.998 5.990E-05 1.604E-11 3.747E-04 3.777E-03 2.980E-03 3.405E-03 3.549E-03 1.696E-03 5.770E-04 1.624E-04
0.02343 15.506 1.997 6.272E-05 1.599E-11 3.924E-04 3.926E-03 3.097E-03 3.538E-03 3.689E-03 1.770E-03 6.038E-04 1.704E-04
0.02380 15.500 1.997 6.567E-05 1.595E-11 4.110E-04 4.080E-03 3.218E-03 3.676E-03 3.833E-03 1.847E-03 6.319E-04 1.788E-04
0.02417 15.494 1.996 6.877E-05 1.590E-11 4.304E-04 4.238E-03 3.341E-03 3.818E-03 3.982E-03 1.926E-03 6.612E-04 1.876E-04
0.02455 15.488 1.996 7.201E-05 1.585E-11 4.508E-04 4.402E-03 3.469E-03 3.965E-03 4.136E-03 2.009E-03 6.919E-04 1.969E-04
0.02494 15.481 1.996 7.540E-05 1.580E-11 4.721E-04 4.571E-03 3.602E-03 4.116E-03 4.294E-03 2.096E-03 7.240E-04 2.066E-04
0.02533 15.475 1.995 7.896E-05 1.575E-11 4.944E-04 4.745E-03 3.738E-03 4.271E-03 4.458E-03 2.185E-03 7.575E-04 2.169E-04
0.02573 15.468 1.995 8.268E-05 1.570E-11 5.178E-04 4.924E-03 3.879E-03 4.432E-03 4.626E-03 2.279E-03 7.926E-04 2.276E-04
0.02614 15.461 1.994 8.658E-05 1.564E-11 5.423E-04 5.109E-03 4.023E-03 4.597E-03 4.800E-03 2.376E-03 8.293E-04 2.389E-04
0.02655 15.454 1.994 9.066E-05 1.559E-11 5.680E-04 5.298E-03 4.171E-03 4.766E-03 4.978E-03 2.476E-03 8.676E-04 2.508E-04
0.02697 15.446 1.993 9.493E-05 1.553E-11 5.948E-04 5.493E-03 4.325E-03 4.941E-03 5.161E-03 2.581E-03 9.077E-04 2.633E-04
0.02740 15.438 1.993 9.940E-05 1.547E-11 6.229E-04 5.694E-03 4.482E-03 5.120E-03 5.350E-03 2.689E-03 9.496E-04 2.765E-04
0.02783 15.430 1.992 1.041E-04 1.541E-11 6.524E-04 5.899E-03 4.643E-03 5.304E-03 5.543E-03 2.802E-03 9.934E-04 2.903E-04
0.02827 15.422 1.992 1.090E-04 1.534E-11 6.832E-04 6.110E-03 4.806E-03 5.493E-03 5.742E-03 2.918E-03 1.039E-03 3.048E-04
0.02872 15.414 1.991 1.141E-04 1.528E-11 7.155E-04 6.326E-03 4.976E-03 5.686E-03 5.945E-03 3.040E-03 1.087E-03 3.200E-04
0.02918 15.405 1.990 1.195E-04 1.521E-11 7.493E-04 6.547E-03 5.151E-03 5.885E-03 6.153E-03 3.165E-03 1.137E-03 3.361E-04
0.02964 15.396 1.990 1.251E-04 1.514E-11 7.847E-04 6.774E-03 5.327E-03 6.088E-03 6.367E-03 3.295E-03 1.189E-03 3.529E-04
0.03011 15.387 1.989 1.310E-04 1.507E-11 8.217E-04 7.005E-03 5.510E-03 6.295E-03 6.585E-03 3.430E-03 1.244E-03 3.707E-04
0.03059 15.377 1.989 1.372E-04 1.499E-11 8.605E-04 7.241E-03 5.695E-03 6.508E-03 6.808E-03 3.569E-03 1.301E-03 3.893E-04
0.03108 15.367 1.988 1.437E-04 1.492E-11 9.011E-04 7.482E-03 5.884E-03 6.724E-03 7.036E-03 3.714E-03 1.360E-03 4.089E-04
0.03157 15.357 1.987 1.505E-04 1.484E-11 9.436E-04 7.728E-03 6.077E-03 6.945E-03 7.267E-03 3.863E-03 1.422E-03 4.296E-04
0.03208 15.347 1.987 1.575E-04 1.475E-11 9.881E-04 7.977E-03 6.274E-03 7.170E-03 7.504E-03 4.018E-03 1.487E-03 4.513E-04
0.03259 15.336 1.986 1.650E-04 1.467E-11 1.035E-03 8.231E-03 6.475E-03 7.399E-03 7.744E-03 4.178E-03 1.555E-03 4.741E-04
0.03311 15.325 1.985 1.727E-04 1.458E-11 1.083E-03 8.488E-03 6.679E-03 7.631E-03 7.989E-03 4.342E-03 1.626E-03 4.981E-04
0.03364 15.313 1.984 1.809E-04 1.450E-11 1.134E-03 8.751E-03 6.887E-03 7.868E-03 8.237E-03 4.513E-03 1.699E-03 5.235E-04
0.03418 15.302 1.983 1.894E-04 1.440E-11 1.188E-03 9.013E-03 7.096E-03 8.108E-03 8.488E-03 4.688E-03 1.776E-03 5.499E-04
0.03473 15.289 1.983 1.983E-04 1.431E-11 1.244E-03 9.284E-03 7.307E-03 8.350E-03 8.743E-03 4.871E-03 1.857E-03 5.781E-04
0.03528 15.277 1.982 2.077E-04 1.422E-11 1.302E-03 9.555E-03 7.525E-03 8.597E-03 9.000E-03 5.058E-03 1.941E-03 6.076E-04
0.03585 15.264 1.981 2.175E-04 1.411E-11 1.363E-03 9.823E-03 7.742E-03 8.844E-03 9.260E-03 5.248E-03 2.028E-03 6.384E-04
0.03643 15.251 1.980 2.277E-04 1.401E-11 1.427E-03 1.010E-02 7.961E-03 9.094E-03 9.521E-03 5.448E-03 2.119E-03 6.712E-04
0.03701 15.237 1.979 2.384E-04 1.390E-11 1.494E-03 1.037E-02 8.179E-03 9.346E-03 9.784E-03 5.651E-03 2.214E-03 7.054E-04
0.03761 15.223 1.978 2.497E-04 1.379E-11 1.564E-03 1.064E-02 8.402E-03 9.601E-03 1.005E-02 5.857E-03 2.314E-03 7.412E-04
0.03821 15.208 1.977 2.615E-04 1.367E-11 1.637E-03 1.092E-02 8.627E-03 9.855E-03 1.031E-02 6.072E-03 2.417E-03 7.792E-04
0.03883 15.193 1.976 2.738E-04 1.357E-11 1.714E-03 1.119E-02 8.848E-03 1.011E-02 1.058E-02 6.295E-03 2.525E-03 8.195E-04
0.03946 15.178 1.975 2.867E-04 1.344E-11 1.793E-03 1.146E-02 9.070E-03 1.036E-02 1.084E-02 6.516E-03 2.637E-03 8.609E-04
0.04010 15.162 1.974 3.002E-04 1.332E-11 1.877E-03 1.173E-02 9.292E-03 1.062E-02 1.110E-02 6.751E-03 2.753E-03 9.057E-04
0.04075 15.146 1.973 3.143E-04 1.320E-11 1.964E-03 1.200E-02 9.514E-03 1.087E-02 1.136E-02 6.988E-03 2.875E-03 9.523E-04
0.04141 15.129 1.972 3.291E-04 1.306E-11 2.056E-03 1.225E-02 9.734E-03 1.112E-02 1.162E-02 7.227E-03 3.002E-03 1.001E-03
0.04209 15.111 1.971 3.447E-04 1.293E-11 2.151E-03 1.251E-02 9.953E-03 1.137E-02 1.188E-02 7.473E-03 3.133E-03 1.052E-03
0.04277 15.093 1.969 3.609E-04 1.279E-11 2.251E-03 1.277E-02 1.017E-02 1.161E-02 1.213E-02 7.727E-03 3.270E-03 1.107E-03
0.04347 15.075 1.968 3.779E-04 1.265E-11 2.355E-03 1.301E-02 1.037E-02 1.186E-02 1.237E-02 7.982E-03 3.413E-03 1.164E-03
0.04418 15.056 1.967 3.957E-04 1.251E-11 2.463E-03 1.324E-02 1.059E-02 1.209E-02 1.261E-02 8.244E-03 3.561E-03 1.224E-03
0.04490 15.036 1.965 4.144E-04 1.236E-11 2.577E-03 1.347E-02 1.079E-02 1.232E-02 1.284E-02 8.512E-03 3.715E-03 1.288E-03
0.04564 15.016 1.964 4.339E-04 1.221E-11 2.695E-03 1.369E-02 1.098E-02 1.255E-02 1.306E-02 8.778E-03 3.874E-03 1.354E-03
0.04639 14.995 1.963 4.544E-04 1.205E-11 2.819E-03 1.389E-02 1.117E-02 1.276E-02 1.328E-02 9.050E-03 4.040E-03 1.424E-03
0.04715 14.974 1.961 4.758E-04 1.190E-11 2.948E-03 1.408E-02 1.136E-02 1.297E-02 1.348E-02 9.327E-03 4.212E-03 1.498E-03
0.04793 14.952 1.960 4.982E-04 1.174E-11 3.082E-03 1.427E-02 1.153E-02 1.317E-02 1.368E-02 9.608E-03 4.391E-03 1.576E-03
0.04872 14.929 1.958 5.217E-04 1.157E-11 3.223E-03 1.443E-02 1.170E-02 1.336E-02 1.386E-02 9.892E-03 4.576E-03 1.658E-03
0.04952 14.906 1.957 5.463E-04 1.140E-11 3.369E-03 1.458E-02 1.185E-02 1.354E-02 1.403E-02 1.017E-02 4.768E-03 1.743E-03
0.05034 14.882 1.955 5.720E-04 1.123E-11 3.521E-03 1.471E-02 1.200E-02 1.371E-02 1.418E-02 1.046E-02 4.967E-03 1.834E-03
0.05118 14.857 1.953 5.990E-04 1.105E-11 3.680E-03 1.483E-02 1.214E-02 1.386E-02 1.432E-02 1.075E-02 5.173E-03 1.930E-03
0.05203 14.831 1.951 6.272E-04 1.086E-11 3.845E-03 1.492E-02 1.226E-02 1.400E-02 1.445E-02 1.103E-02 5.385E-03 2.029E-03
0.05290 14.805 1.950 6.567E-04 1.068E-11 4.017E-03 1.499E-02 1.237E-02 1.413E-02 1.455E-02 1.131E-02 5.606E-03 2.134E-03
0.05378 14.778 1.948 6.877E-04 1.049E-11 4.195E-03 1.504E-02 1.246E-02 1.424E-02 1.464E-02 1.160E-02 5.833E-03 2.245E-03
0.05468 14.750 1.946 7.086E-04 1.030E-11 4.311E-03 1.483E-02 1.234E-02 1.410E-02 1.447E-02 1.168E-02 5.970E-03 2.323E-03
0.05557 14.722 1.944 7.163E-04 1.011E-11 4.346E-03 1.434E-02 1.199E-02 1.370E-02 1.403E-02 1.155E-02 5.995E-03 2.359E-03
0.05645 14.695 1.942 7.217E-04 9.923E-12 4.366E-03 1.383E-02 1.162E-02 1.327E-02 1.357E-02 1.139E-02 6.000E-03 2.386E-03
0.05731 14.668 1.940 7.270E-04 9.740E-12 4.385E-03 1.333E-02 1.126E-02 1.286E-02 1.312E-02 1.122E-02 6.003E-03 2.413E-03
0.05815 14.640 1.938 7.324E-04 9.558E-12 4.405E-03 1.285E-02 1.090E-02 1.246E-02 1.268E-02 1.105E-02 6.006E-03 2.440E-03
0.05898 14.614 1.936 7.378E-04 9.379E-12 4.423E-03 1.238E-02 1.057E-02 1.208E-02 1.226E-02 1.089E-02 6.009E-03 2.466E-03
0.05980 14.587 1.935 7.433E-04 9.207E-12 4.442E-03 1.194E-02 1.024E-02 1.170E-02 1.186E-02 1.073E-02 6.011E-03 2.492E-03
0.06061 14.560 1.933 7.487E-04 9.037E-12 4.460E-03 1.151E-02 9.930E-03 1.135E-02 1.147E-02 1.057E-02 6.013E-03 2.519E-03
0.06141 14.534 1.931 7.542E-04 8.868E-12 4.477E-03 1.110E-02 9.627E-03 1.100E-02 1.110E-02 1.041E-02 6.014E-03 2.545E-03
0.06219 14.508 1.929 7.597E-04 8.706E-12 4.494E-03 1.071E-02 9.337E-03 1.067E-02 1.073E-02 1.026E-02 6.015E-03 2.571E-03
0.06297 14.481 1.927 7.653E-04 8.541E-12 4.511E-03 1.032E-02 9.052E-03 1.034E-02 1.038E-02 1.011E-02 6.015E-03 2.596E-03
0.06374 14.456 1.925 7.709E-04 8.387E-12 4.528E-03 9.954E-03 8.781E-03 1.003E-02 1.005E-02 9.965E-03 6.015E-03 2.623E-03
0.06450 14.430 1.924 7.765E-04 8.229E-12 4.544E-03 9.596E-03 8.518E-03 9.730E-03 9.720E-03 9.816E-03 6.015E-03 2.648E-03
0.06525 14.404 1.922 7.821E-04 8.077E-12 4.560E-03 9.254E-03 8.263E-03 9.439E-03 9.405E-03 9.672E-03 6.014E-03 2.674E-03
0.06599 14.378 1.920 7.878E-04 7.922E-12 4.576E-03 8.919E-03 8.012E-03 9.156E-03 9.100E-03 9.523E-03 6.013E-03 2.698E-03
0.06673 14.353 1.918 7.935E-04 7.777E-12 4.591E-03 8.602E-03 7.772E-03 8.883E-03 8.805E-03 9.385E-03 6.011E-03 2.724E-03
0.06746 14.327 1.916 7.993E-04 7.629E-12 4.606E-03 8.291E-03 7.544E-03 8.617E-03 8.520E-03 9.242E-03 6.009E-03 2.748E-03
0.06818 14.302 1.915 8.051E-04 7.485E-12 4.621E-03 7.993E-03 7.318E-03 8.360E-03 8.244E-03 9.105E-03 6.007E-03 2.773E-03
0.06890 14.277 1.913 8.109E-04 7.347E-12 4.636E-03 7.709E-03 7.099E-03 8.111E-03 7.978E-03 8.971E-03 6.004E-03 2.799E-03
0.06961 14.252 1.911 8.168E-04 7.206E-12 4.650E-03 7.429E-03 6.887E-03 7.871E-03 7.719E-03 8.834E-03 6.001E-03 2.823E-03
0.07032 14.227 1.909 8.227E-04 7.073E-12 4.664E-03 7.164E-03 6.684E-03 7.636E-03 7.469E-03 8.705E-03 5.998E-03 2.849E-03
0.07102 14.202 1.908 8.287E-04 6.937E-12 4.678E-03 6.904E-03 6.484E-03 7.410E-03 7.228E-03 8.572E-03 5.994E-03 2.873E-03
0.07171 14.177 1.906 8.348E-04 6.806E-12 4.691E-03 6.655E-03 6.293E-03 7.191E-03 6.994E-03 8.443E-03 5.990E-03 2.898E-03
0.07241 14.152 1.904 8.409E-04 6.675E-12 4.705E-03 6.414E-03 6.105E-03 6.978E-03 6.767E-03 8.314E-03 5.986E-03 2.922E-03
0.07309 14.127 1.902 8.470E-04 6.548E-12 4.718E-03 6.182E-03 5.925E-03 6.770E-03 6.548E-03 8.189E-03 5.981E-03 2.947E-03
0.07377 14.103 1.901 8.532E-04 6.423E-12 4.731E-03 5.957E-03 5.750E-03 6.570E-03 6.336E-03 8.065E-03 5.977E-03 2.971E-03
0.07445 14.078 1.899 8.595E-04 6.300E-12 4.743E-03 5.742E-03 5.580E-03 6.375E-03 6.131E-03 7.943E-03 5.971E-03 2.996E-03
0.07513 14.053 1.897 8.658E-04 6.179E-12 4.756E-03 5.532E-03 5.415E-03 6.186E-03 5.931E-03 7.822E-03 5.966E-03 3.020E-03
0.07580 14.029 1.895 8.721E-04 6.058E-12 4.768E-03 5.329E-03 5.254E-03 6.002E-03 5.738E-03 7.700E-03 5.960E-03 3.044E-03
0.07647 14.004 1.894 8.786E-04 5.941E-12 4.780E-03 5.134E-03 5.099E-03 5.824E-03 5.551E-03 7.582E-03 5.954E-03 3.068E-03
0.07713 13.980 1.892 8.851E-04 5.824E-12 4.792E-03 4.945E-03 4.947E-03 5.651E-03 5.370E-03 7.464E-03 5.948E-03 3.092E-03
0.07779 13.955 1.890 8.917E-04 5.711E-12 4.804E-03 4.763E-03 4.800E-03 5.483E-03 5.194E-03 7.349E-03 5.941E-03 3.116E-03
0.07845 13.931 1.888 8.983E-04 5.600E-12 4.815E-03 4.588E-03 4.657E-03 5.320E-03 5.025E-03 7.237E-03 5.935E-03 3.141E-03
0.07911 13.906 1.887 9.050E-04 5.490E-12 4.827E-03 4.419E-03 4.518E-03 5.161E-03 4.860E-03 7.125E-03 5.928E-03 3.166E-03
0.07976 13.882 1.885 9.118E-04 5.381E-12 4.838E-03 4.254E-03 4.382E-03 5.008E-03 4.701E-03 7.013E-03 5.920E-03 3.189E-03
0.08041 13.858 1.883 9.186E-04 5.275E-12 4.849E-03 4.096E-03 4.251E-03 4.858E-03 4.546E-03 6.903E-03 5.913E-03 3.213E-03
0.08106 13.833 1.881 9.256E-04 5.171E-12 4.859E-03 3.944E-03 4.123E-03 4.713E-03 4.396E-03 6.796E-03 5.905E-03 3.238E-03
0.08171 13.809 1.880 9.326E-04 5.067E-12 4.870E-03 3.796E-03 4.001E-03 4.571E-03 4.251E-03 6.689E-03 5.897E-03 3.262E-03
0.08235 13.785 1.878 9.397E-04 4.967E-12 4.881E-03 3.654E-03 3.881E-03 4.434E-03 4.110E-03 6.584E-03 5.889E-03 3.287E-03
0.08299 13.760 1.876 9.468E-04 4.866E-12 4.891E-03 3.516E-03 3.763E-03 4.301E-03 3.974E-03 6.479E-03 5.880E-03 3.311E-03
0.08363 13.736 1.874 9.541E-04 4.768E-12 4.901E-03 3.383E-03 3.651E-03 4.172E-03 3.842E-03 6.376E-03 5.872E-03 3.335E-03
0.08427 13.712 1.873 9.614E-04 4.672E-12 4.911E-03 3.256E-03 3.540E-03 4.046E-03 3.714E-03 6.276E-03 5.863E-03 3.360E-03
0.08491 13.688 1.871 9.689E-04 4.577E-12 4.921E-03 3.132E-03 3.434E-03 3.923E-03 3.589E-03 6.175E-03 5.853E-03 3.384E-03
0.08555 13.663 1.869 9.764E-04 4.484E-12 4.930E-03 3.012E-03 3.329E-03 3.804E-03 3.469E-03 6.076E-03 5.844E-03 3.408E-03
0.08618 13.639 1.867 9.840E-04 4.391E-12 4.940E-03 2.897E-03 3.227E-03 3.689E-03 3.352E-03 5.977E-03 5.835E-03 3.432E-03
0.08682 13.615 1.866 9.917E-04 4.301E-12 4.949E-03 2.785E-03 3.130E-03 3.577E-03 3.240E-03 5.880E-03 5.825E-03 3.456E-03
0.08745 13.590 1.864 9.995E-04 4.212E-12 4.959E-03 2.678E-03 3.033E-03 3.467E-03 3.130E-03 5.785E-03 5.815E-03 3.480E-03
0.08808 13.566 1.862 1.007E-03 4.125E-12 4.968E-03 2.575E-03 2.941E-03 3.361E-03 3.024E-03 5.692E-03 5.805E-03 3.505E-03
0.08872 13.542 1.860 1.015E-03 4.038E-12 4.977E-03 2.474E-03 2.850E-03 3.258E-03 2.921E-03 5.598E-03 5.794E-03 3.529E-03
0.08935 13.517 1.858 1.024E-03 3.954E-12 4.985E-03 2.378E-03 2.763E-03 3.158E-03 2.821E-03 5.506E-03 5.784E-03 3.554E-03
0.08998 13.493 1.857 1.032E-03 3.871E-12 4.994E-03 2.285E-03 2.678E-03 3.060E-03 2.725E-03 5.416E-03 5.773E-03 3.579E-03
0.09061 13.469 1.855 1.040E-03 3.789E-12 5.003E-03 2.195E-03 2.594E-03 2.966E-03 2.631E-03 5.327E-03 5.762E-03 3.603E-03
0.09124 13.444 1.853 1.049E-03 3.709E-12 5.011E-03 2.109E-03 2.514E-03 2.873E-03 2.541E-03 5.239E-03 5.751E-03 3.629E-03
0.09186 13.420 1.851 1.057E-03 3.630E-12 5.019E-03 2.025E-03 2.434E-03 2.783E-03 2.453E-03 5.152E-03 5.739E-03 3.653E-03
0.09249 13.395 1.849 1.066E-03 3.552E-12 5.027E-03 1.945E-03 2.359E-03 2.697E-03 2.367E-03 5.065E-03 5.727E-03 3.678E-03
0.09312 13.371 1.848 1.075E-03 3.475E-12 5.036E-03 1.867E-03 2.285E-03 2.612E-03 2.285E-03 4.980E-03 5.716E-03 3.703E-03
0.09375 13.346 1.846 1.084E-03 3.400E-12 5.043E-03 1.792E-03 2.212E-03 2.530E-03 2.205E-03 4.897E-03 5.704E-03 3.728E-03
0.09438 13.322 1.844 1.093E-03 3.326E-12 5.051E-03 1.720E-03 2.143E-03 2.450E-03 2.128E-03 4.814E-03 5.692E-03 3.753E-03
0.09501 13.297 1.842 1.102E-03 3.253E-12 5.059E-03 1.650E-03 2.075E-03 2.372E-03 2.053E-03 4.732E-03 5.679E-03 3.778E-03
0.09564 13.272 1.840 1.111E-03 3.182E-12 5.067E-03 1.583E-03 2.008E-03 2.296E-03 1.980E-03 4.652E-03 5.667E-03 3.804E-03
0.09627 13.248 1.838 1.121E-03 3.111E-12 5.074E-03 1.518E-03 1.944E-03 2.223E-03 1.909E-03 4.571E-03 5.654E-03 3.828E-03
0.09690 13.223 1.837 1.130E-03 3.042E-12 5.081E-03 1.456E-03 1.882E-03 2.151E-03 1.841E-03 4.493E-03 5.641E-03 3.854E-03
0.09753 13.198 1.835 1.140E-03 2.974E-12 5.089E-03 1.396E-03 1.820E-03 2.082E-03 1.775E-03 4.415E-03 5.628E-03 3.880E-03
0.09816 13.173 1.833 1.150E-03 2.907E-12 5.096E-03 1.338E-03 1.762E-03 2.014E-03 1.711E-03 4.339E-03 5.615E-03 3.906E-03
0.09879 13.149 1.831 1.160E-03 2.841E-12 5.103E-03 1.282E-03 1.705E-03 1.949E-03 1.649E-03 4.263E-03 5.601E-03 3.931E-03
0.09943 13.124 1.829 1.171E-03 2.777E-12 5.110E-03 1.228E-03 1.648E-03 1.885E-03 1.589E-03 4.188E-03 5.588E-03 3.957E-03
0.10006 13.099 1.827 1.181E-03 2.713E-12 5.116E-03 1.176E-03 1.594E-03 1.824E-03 1.531E-03 4.114E-03 5.574E-03 3.983E-03
0.10070 13.074 1.825 1.192E-03 2.651E-12 5.123E-03 1.127E-03 1.542E-03 1.763E-03 1.475E-03 4.042E-03 5.560E-03 4.010E-03
0.10133 13.048 1.823 1.202E-03 2.590E-12 5.130E-03 1.079E-03 1.490E-03 1.705E-03 1.421E-03 3.970E-03 5.546E-03 4.036E-03
0.10197 13.023 1.821 1.213E-03 2.530E-12 5.136E-03 1.032E-03 1.441E-03 1.648E-03 1.368E-03 3.899E-03 5.531E-03 4.063E-03
0.10261 12.998 1.820 1.225E-03 2.470E-12 5.143E-03 9.880E-04 1.393E-03 1.593E-03 1.317E-03 3.829E-03 5.517E-03 4.089E-03
0.10325 12.973 1.818 1.236E-03 2.412E-12 5.149E-03 9.453E-04 1.345E-03 1.539E-03 1.268E-03 3.760E-03 5.502E-03 4.116E-03
0.10389 12.947 1.816 1.247E-03 2.355E-12 5.155E-03 9.041E-04 1.300E-03 1.487E-03 1.220E-03 3.692E-03 5.487E-03 4.143E-03
0.10453 12.922 1.814 1.259E-03 2.299E-12 5.161E-03 8.644E-04 1.256E-03 1.436E-03 1.174E-03 3.624E-03 5.472E-03 4.170E-03
0.10518 12.896 1.812 1.271E-03 2.243E-12 5.168E-03 8.263E-04 1.212E-03 1.387E-03 1.129E-03 3.558E-03 5.457E-03 4.197E-03
0.10582 12.870 1.810 1.283E-03 2.189E-12 5.173E-03 7.896E-04 1.171E-03 1.340E-03 1.086E-03 3.492E-03 5.442E-03 4.225E-03
0.10647 12.845 1.808 1.296E-03 2.136E-12 5.179E-03 7.544E-04 1.130E-03 1.293E-03 1.044E-03 3.428E-03 5.426E-03 4.252E-03
0.10712 12.819 1.806 1.308E-03 2.083E-12 5.185E-03 7.205E-04 1.090E-03 1.248E-03 1.003E-03 3.363E-03 5.410E-03 4.280E-03
0.10777 12.793 1.804 1.321E-03 2.032E-12 5.191E-03 6.879E-04 1.053E-03 1.205E-03 9.641E-04 3.300E-03 5.394E-03 4.308E-03
0.10843 12.767 1.802 1.334E-03 1.982E-12 5.196E-03 6.567E-04 1.015E-03 1.162E-03 9.263E-04 3.238E-03 5.378E-03 4.336E-03
0.10909 12.741 1.800 1.348E-03 1.932E-12 5.202E-03 6.266E-04 9.792E-04 1.121E-03 8.898E-04 3.177E-03 5.362E-03 4.364E-03
0.10975 12.715 1.798 1.361E-03 1.884E-12 5.207E-03 5.978E-04 9.445E-04 1.081E-03 8.544E-04 3.117E-03 5.346E-03 4.394E-03
0.11041 12.688 1.796 1.375E-03 1.836E-12 5.213E-03 5.701E-04 9.102E-04 1.043E-03 8.202E-04 3.057E-03 5.329E-03 4.423E-03
0.11107 12.662 1.793 1.389E-03 1.789E-12 5.218E-03 5.434E-04 8.776E-04 1.005E-03 7.872E-04 2.998E-03 5.312E-03 4.452E-03
0.11174 12.635 1.791 1.404E-03 1.742E-12 5.223E-03 5.178E-04 8.453E-04 9.684E-04 7.553E-04 2.939E-03 5.295E-03 4.480E-03
0.11241 12.609 1.789 1.419E-03 1.697E-12 5.228E-03 4.933E-04 8.145E-04 9.328E-04 7.245E-04 2.882E-03 5.278E-03 4.510E-03
0.11308 12.582 1.787 1.434E-03 1.653E-12 5.233E-03 4.698E-04 7.842E-04 8.985E-04 6.947E-04 2.825E-03 5.261E-03 4.540E-03
0.11376 12.555 1.785 1.449E-03 1.609E-12 5.238E-03 4.472E-04 7.553E-04 8.651E-04 6.660E-04 2.769E-03 5.243E-03 4.570E-03
0.11444 12.528 1.783 1.465E-03 1.567E-12 5.243E-03 4.256E-04 7.268E-04 8.328E-04 6.382E-04 2.714E-03 5.225E-03 4.601E-03
0.11512 12.501 1.781 1.481E-03 1.525E-12 5.248E-03 4.048E-04 6.991E-04 8.015E-04 6.115E-04 2.659E-03 5.208E-03 4.631E-03
0.11580 12.474 1.778 1.497E-03 1.484E-12 5.253E-03 3.849E-04 6.728E-04 7.711E-04 5.856E-04 2.606E-03 5.189E-03 4.662E-03
0.11649 12.446 1.776 1.514E-03 1.443E-12 5.257E-03 3.659E-04 6.469E-04 7.417E-04 5.607E-04 2.553E-03 5.171E-03 4.694E-03
0.11719 12.419 1.774 1.531E-03 1.404E-12 5.262E-03 3.476E-04 6.217E-04 7.133E-04 5.366E-04 2.501E-03 5.153E-03 4.726E-03
0.11788 12.391 1.772 1.548E-03 1.365E-12 5.267E-03 3.301E-04 5.978E-04 6.856E-04 5.133E-04 2.449E-03 5.134E-03 4.757E-03
0.11858 12.363 1.770 1.566E-03 1.327E-12 5.271E-03 3.133E-04 5.742E-04 6.589E-04 4.910E-04 2.398E-03 5.115E-03 4.789E-03
0.11929 12.335 1.767 1.585E-03 1.289E-12 5.275E-03 2.973E-04 5.514E-04 6.329E-04 4.694E-04 2.348E-03 5.096E-03 4.822E-03
0.12000 12.307 1.765 1.603E-03 1.253E-12 5.280E-03 2.820E-04 5.293E-04 6.078E-04 4.486E-04 2.298E-03 5.077E-03 4.855E-03
0.12071 12.279 1.763 1.623E-03 1.217E-12 5.284E-03 2.673E-04 5.083E-04 5.834E-04 4.285E-04 2.249E-03 5.057E-03 4.888E-03
0.12143 12.250 1.760 1.642E-03 1.182E-12 5.288E-03 2.533E-04 4.876E-04 5.599E-04 4.092E-04 2.201E-03 5.038E-03 4.922E-03
0.12215 12.222 1.758 1.662E-03 1.147E-12 5.292E-03 2.399E-04 4.676E-04 5.370E-04 3.906E-04 2.154E-03 5.018E-03 4.957E-03
0.12288 12.193 1.756 1.683E-03 1.113E-12 5.296E-03 2.270E-04 4.483E-04 5.150E-04 3.726E-04 2.107E-03 4.998E-03 4.991E-03
0.12361 12.164 1.753 1.704E-03 1.081E-12 5.300E-03 2.148E-04 4.296E-04 4.936E-04 3.554E-04 2.061E-03 4.978E-03 5.026E-03
0.12435 12.134 1.751 1.726E-03 1.048E-12 5.304E-03 2.031E-04 4.115E-04 4.730E-04 3.388E-04 2.015E-03 4.957E-03 5.061E-03
0.12509 12.105 1.748 1.748E-03 1.016E-12 5.308E-03 1.920E-04 3.940E-04 4.530E-04 3.228E-04 1.970E-03 4.936E-03 5.097E-03
0.12584 12.075 1.746 1.771E-03 9.851E-13 5.312E-03 1.813E-04 3.771E-04 4.337E-04 3.075E-04 1.926E-03 4.915E-03 5.133E-03
0.12660 12.046 1.743 1.794E-03 9.547E-13 5.316E-03 1.712E-04 3.611E-04 4.150E-04 2.927E-04 1.882E-03 4.894E-03 5.170E-03
0.12736 12.016 1.741 1.818E-03 9.248E-13 5.319E-03 1.615E-04 3.453E-04 3.969E-04 2.784E-04 1.839E-03 4.873E-03 5.208E-03
0.12813 11.985 1.738 1.843E-03 8.956E-13 5.323E-03 1.523E-04 3.306E-04 3.795E-04 2.648E-04 1.797E-03 4.851E-03 5.245E-03
0.12890 11.955 1.736 1.868E-03 8.669E-13 5.327E-03 1.435E-04 3.165E-04 3.627E-04 2.517E-04 1.755E-03 4.829E-03 5.283E-03
0.12968 11.924 1.733 1.894E-03 8.390E-13 5.330E-03 1.351E-04 3.032E-04 3.464E-04 2.391E-04 1.714E-03 4.807E-03 5.323E-03
0.13047 11.893 1.730 1.921E-03 8.116E-13 5.333E-03 1.271E-04 2.909E-04 3.307E-04 2.270E-04 1.673E-03 4.785E-03 5.362E-03
0.13126 11.862 1.728 1.949E-03 7.848E-13 5.337E-03 1.195E-04 2.799E-04 3.155E-04 2.153E-04 1.633E-03 4.762E-03 5.402E-03
0.13206 11.831 1.725 1.977E-03 7.586E-13 5.340E-03 1.123E-04 2.700E-04 3.009E-04 2.042E-04 1.593E-03 4.740E-03 5.443E-03
0.13287 11.799 1.722 2.007E-03 7.330E-13 5.343E-03 1.055E-04 2.620E-04 2.868E-04 1.935E-04 1.554E-03 4.716E-03 5.485E-03
0.13369 11.767 1.719 2.037E-03 7.077E-13 5.347E-03 9.896E-05 2.564E-04 2.732E-04 1.833E-04 1.515E-03 4.693E-03 5.525E-03
0.13452 11.735 1.717 2.068E-03 6.834E-13 5.350E-03 9.281E-05 2.535E-04 2.600E-04 1.734E-04 1.478E-03 4.669E-03 5.569E-03
0.13535 11.702 1.714 2.100E-03 6.592E-13 5.353E-03 8.692E-05 2.539E-04 2.473E-04 1.640E-04 1.440E-03 4.645E-03 5.611E-03
0.13619 11.669 1.711 2.133E-03 6.358E-13 5.355E-03 8.136E-05 2.589E-04 2.351E-04 1.550E-04 1.403E-03 4.621E-03 5.655E-03
0.13705 11.636 1.708 2.167E-03 6.131E-13 5.358E-03 7.611E-05 2.692E-04 2.233E-04 1.464E-04 1.367E-03 4.596E-03 5.701E-03
0.13791 11.603 1.705 2.202E-03 5.910E-13 5.361E-03 7.114E-05 2.862E-04 2.119E-04 1.382E-04 1.332E-03 4.571E-03 5.749E-03
0.13878 11.569 1.702 2.239E-03 5.691E-13 5.363E-03 6.640E-05 3.111E-04 2.009E-04 1.303E-04 1.296E-03 4.546E-03 5.794E-03
0.13966 11.535 1.699 2.276E-03 5.477E-13 5.366E-03 6.192E-05 3.457E-04 1.903E-04 1.227E-04 1.261E-03 4.520E-03 5.840E-03
0.14056 11.500 1.696 2.315E-03 5.269E-13 5.368E-03 5.769E-05 3.914E-04 1.801E-04 1.155E-04 1.227E-03 4.494E-03 5.888E-03
0.14146 11.465 1.693 2.355E-03 5.067E-13 5.370E-03 5.370E-05 4.500E-04 1.702E-04 1.087E-04 1.193E-03 4.467E-03 5.937E-03
0.14238 11.430 1.689 2.397E-03 4.869E-13 5.372E-03 4.993E-05 5.233E-04 1.606E-04 1.021E-04 1.160E-03 4.440E-03 5.987E-03
0.14330 11.394 1.686 2.440E-03 4.677E-13 5.373E-03 4.637E-05 6.127E-04 1.514E-04 9.585E-05 1.127E-03 4.413E-03 6.038E-03
0.14424 11.358 1.683 2.484E-03 4.489E-13 5.375E-03 4.302E-05 7.200E-04 1.424E-04 8.989E-05 1.095E-03 4.385E-03 6.089E-03
0.14520 11.322 1.680 2.530E-03 4.305E-13 5.376E-03 3.985E-05 8.463E-04 1.337E-04 8.420E-05 1.063E-03 4.356E-03 6.141E-03
0.14616 11.285 1.676 2.578E-03 4.125E-13 5.377E-03 3.687E-05 9.923E-04 1.253E-04 7.879E-05 1.031E-03 4.327E-03 6.193E-03
0.14714 11.248 1.673 2.628E-03 3.952E-13 5.378E-03 3.408E-05 1.159E-03 1.172E-04 7.365E-05 1.000E-03 4.298E-03 6.249E-03
0.14814 11.210 1.669 2.680E-03 3.783E-13 5.378E-03 3.146E-05 1.344E-03 1.093E-04 6.877E-05 9.699E-04 4.268E-03 6.305E-03
0.14915 11.171 1.665 2.733E-03 3.620E-13 5.379E-03 2.900E-05 1.549E-03 1.016E-04 6.413E-05 9.402E-04 4.237E-03 6.364E-03
0.15018 11.133 1.662 2.789E-03 3.457E-13 5.379E-03 2.668E-05 1.773E-03 9.426E-05 5.974E-05 9.100E-04 4.206E-03 6.418E-03
0.15122 11.093 1.658 2.847E-03 3.302E-13 5.379E-03 2.452E-05 2.010E-03 8.713E-05 5.557E-05 8.812E-04 4.174E-03 6.479E-03
0.15228 11.053 1.654 2.908E-03 3.150E-13 5.378E-03 2.249E-05 2.261E-03 8.026E-05 5.161E-05 8.523E-04 4.142E-03 6.538E-03
0.15336 11.013 1.650 2.972E-03 3.004E-13 5.378E-03 2.062E-05 2.520E-03 7.366E-05 4.788E-05 8.246E-04 4.110E-03 6.604E-03
0.15446 10.972 1.646 3.038E-03 2.861E-13 5.378E-03 1.885E-05 2.784E-03 6.732E-05 4.435E-05 7.968E-04 4.077E-03 6.667E-03
0.15558 10.930 1.642 3.108E-03 2.722E-13 5.378E-03 1.721E-05 3.048E-03 6.127E-05 4.102E-05 7.694E-04 4.043E-03 6.732E-03
0.15671 10.888 1.638 3.181E-03 2.587E-13 5.377E-03 1.568E-05 3.308E-03 5.550E-05 3.787E-05 7.428E-04 4.009E-03 6.802E-03
0.15788 10.844 1.634 3.258E-03 2.457E-13 5.377E-03 1.426E-05 3.557E-03 5.003E-05 3.491E-05 7.165E-04 3.975E-03 6.873E-03
0.15906 10.801 1.629 3.339E-03 2.329E-13 5.377E-03 1.294E-05 3.793E-03 4.487E-05 3.213E-05 6.904E-04 3.940E-03 6.943E-03
0.16027 10.756 1.625 3.424E-03 2.206E-13 5.377E-03 1.172E-05 4.008E-03 4.002E-05 2.951E-05 6.652E-04 3.904E-03 7.020E-03
0.16151 10.711 1.620 3.514E-03 2.087E-13 5.377E-03 1.059E-05 4.200E-03 3.550E-05 2.705E-05 6.401E-04 3.869E-03 7.097E-03
0.16278 10.664 1.616 3.610E-03 1.972E-13 5.378E-03 9.545E-06 4.362E-03 3.131E-05 2.475E-05 6.157E-04 3.832E-03 7.179E-03
0.16407 10.617 1.611 3.711E-03 1.860E-13 5.378E-03 8.585E-06 4.498E-03 2.745E-05 2.259E-05 5.918E-04 3.796E-03 7.265E-03
0.16540 10.569 1.606 3.819E-03 1.752E-13 5.380E-03 7.696E-06 4.597E-03 2.392E-05 2.057E-05 5.681E-04 3.759E-03 7.352E-03
0.16676 10.520 1.601 3.933E-03 1.648E-13 5.381E-03 6.883E-06 4.658E-03 2.071E-05 1.869E-05 5.450E-04 3.721E-03 7.446E-03
0.16816 10.469 1.595 4.055E-03 1.547E-13 5.383E-03 6.136E-06 4.686E-03 1.782E-05 1.694E-05 5.224E-04 3.683E-03 7.544E-03
0.16959 10.418 1.590 4.186E-03 1.450E-13 5.385E-03 5.453E-06 4.677E-03 1.524E-05 1.530E-05 5.001E-04 3.644E-03 7.646E-03
0.17107 10.365 1.584 4.326E-03 1.356E-13 5.388E-03 4.827E-06 4.628E-03 1.296E-05 1.378E-05 4.781E-04 3.605E-03 7.751E-03
0.17260 10.311 1.578 4.477E-03 1.265E-13 5.391E-03 4.258E-06 4.547E-03 1.096E-05 1.237E-05 4.566E-04 3.564E-03 7.863E-03
0.17417 10.255 1.572 4.639E-03 1.178E-13 5.394E-03 3.741E-06 4.432E-03 9.219E-06 1.107E-05 4.356E-04 3.523E-03 7.983E-03
0.17580 10.198 1.566 4.814E-03 1.094E-13 5.397E-03 3.272E-06 4.286E-03 7.721E-06 9.863E-06 4.148E-04 3.481E-03 8.107E-03
0.17748 10.140 1.559 5.003E-03 1.014E-13 5.401E-03 2.848E-06 4.112E-03 6.442E-06 8.752E-06 3.944E-04 3.437E-03 8.237E-03
0.17922 10.079 1.552 5.208E-03 9.365E-14 5.404E-03 2.465E-06 3.915E-03 5.362E-06 7.731E-06 3.744E-04 3.393E-03 8.375E-03
0.18104 10.017 1.545 5.386E-03 8.622E-14 5.363E-03 2.104E-06 3.665E-03 4.413E-06 6.738E-06 3.517E-04 3.318E-03 8.449E-03
0.18289  9.953 1.538 5.453E-03 7.923E-14 5.202E-03 1.750E-06 3.332E-03 3.559E-06 5.722E-06 3.226E-04 3.172E-03 8.337E-03
0.18474  9.890 1.531 5.443E-03 7.282E-14 4.975E-03 1.435E-06 2.972E-03 2.851E-06 4.792E-06 2.918E-04 2.989E-03 8.109E-03
0.18659  9.828 1.523 5.432E-03 6.695E-14 4.757E-03 1.177E-06 2.639E-03 2.302E-06 4.014E-06 2.640E-04 2.816E-03 7.886E-03
0.18842  9.766 1.516 5.421E-03 6.157E-14 4.547E-03 9.656E-07 2.334E-03 1.873E-06 3.363E-06 2.389E-04 2.652E-03 7.666E-03
0.19025  9.705 1.508 5.408E-03 5.665E-14 4.345E-03 7.926E-07 2.058E-03 1.533E-06 2.818E-06 2.162E-04 2.497E-03 7.452E-03
0.19207  9.645 1.501 5.395E-03 5.212E-14 4.152E-03 6.507E-07 1.809E-03 1.263E-06 2.361E-06 1.957E-04 2.350E-03 7.240E-03
0.19388  9.585 1.494 5.380E-03 4.798E-14 3.966E-03 5.345E-07 1.587E-03 1.047E-06 1.979E-06 1.771E-04 2.212E-03 7.033E-03
0.19569  9.526 1.486 5.365E-03 4.418E-14 3.787E-03 4.391E-07 1.389E-03 8.711E-07 1.659E-06 1.604E-04 2.081E-03 6.831E-03
0.19749  9.468 1.479 5.350E-03 4.069E-14 3.616E-03 3.608E-07 1.213E-03 7.283E-07 1.391E-06 1.452E-04 1.957E-03 6.632E-03
0.19928  9.410 1.471 5.333E-03 3.749E-14 3.452E-03 2.966E-07 1.058E-03 6.105E-07 1.166E-06 1.315E-04 1.840E-03 6.438E-03
0.20107  9.353 1.464 5.316E-03 3.455E-14 3.294E-03 2.438E-07 9.220E-04 5.138E-07 9.780E-07 1.191E-04 1.730E-03 6.248E-03
0.20285  9.296 1.457 5.298E-03 3.185E-14 3.143E-03 2.005E-07 8.021E-04 4.332E-07 8.203E-07 1.078E-04 1.626E-03 6.061E-03
0.20463  9.240 1.449 5.280E-03 2.936E-14 2.999E-03 1.650E-07 6.974E-04 3.659E-07 6.881E-07 9.765E-05 1.528E-03 5.880E-03
0.20640  9.185 1.442 5.261E-03 2.709E-14 2.861E-03 1.358E-07 6.057E-04 3.097E-07 5.774E-07 8.847E-05 1.436E-03 5.703E-03
0.20817  9.130 1.434 5.241E-03 2.499E-14 2.728E-03 1.118E-07 5.257E-04 2.624E-07 4.846E-07 8.016E-05 1.349E-03 5.531E-03
0.20993  9.076 1.427 5.221E-03 2.306E-14 2.601E-03 9.206E-08 4.560E-04 2.225E-07 4.067E-07 7.263E-05 1.267E-03 5.362E-03
0.21168  9.022 1.419 5.200E-03 2.129E-14 2.480E-03 7.584E-08 3.953E-04 1.889E-07 3.415E-07 6.582E-05 1.190E-03 5.198E-03
0.21343  8.969 1.412 5.179E-03 1.966E-14 2.364E-03 6.249E-08 3.427E-04 1.605E-07 2.867E-07 5.966E-05 1.117E-03 5.038E-03
0.21517  8.917 1.404 5.157E-03 1.816E-14 2.253E-03 5.152E-08 2.969E-04 1.364E-07 2.408E-07 5.408E-05 1.049E-03 4.883E-03
0.21691  8.865 1.397 5.135E-03 1.678E-14 2.147E-03 4.248E-08 2.571E-04 1.160E-07 2.023E-07 4.903E-05 9.842E-04 4.731E-03
0.21865  8.813 1.389 5.112E-03 1.550E-14 2.046E-03 3.504E-08 2.226E-04 9.871E-08 1.699E-07 4.446E-05 9.237E-04 4.584E-03
0.22038  8.762 1.382 5.089E-03 1.433E-14 1.950E-03 2.892E-08 1.927E-04 8.402E-08 1.428E-07 4.032E-05 8.667E-04 4.441E-03
0.22211  8.712 1.374 5.066E-03 1.325E-14 1.857E-03 2.387E-08 1.669E-04 7.154E-08 1.200E-07 3.657E-05 8.131E-04 4.301E-03
0.22383  8.662 1.367 5.042E-03 1.226E-14 1.769E-03 1.971E-08 1.444E-04 6.094E-08 1.009E-07 3.318E-05 7.627E-04 4.166E-03
0.22555  8.612 1.359 5.018E-03 1.134E-14 1.685E-03 1.628E-08 1.250E-04 5.192E-08 8.485E-08 3.011E-05 7.153E-04 4.035E-03
0.22726  8.563 1.352 4.993E-03 1.050E-14 1.604E-03 1.345E-08 1.082E-04 4.425E-08 7.135E-08 2.732E-05 6.708E-04 3.907E-03
0.22897  8.515 1.344 4.968E-03 9.717E-15 1.528E-03 1.112E-08 9.362E-05 3.772E-08 6.002E-08 2.479E-05 6.290E-04 3.783E-03
0.23068  8.467 1.336 4.943E-03 8.998E-15 1.455E-03 9.194E-09 8.103E-05 3.216E-08 5.050E-08 2.250E-05 5.897E-04 3.663E-03
0.23238  8.419 1.329 4.917E-03 8.334E-15 1.385E-03 7.605E-09 7.013E-05 2.743E-08 4.249E-08 2.043E-05 5.528E-04 3.546E-03
0.23408  8.372 1.321 4.892E-03 7.728E-15 1.318E-03 6.297E-09 6.069E-05 2.339E-08 3.576E-08 1.857E-05 5.181E-04 3.435E-03
0.23577  8.325 1.314 4.865E-03 7.160E-15 1.255E-03 5.211E-09 5.255E-05 1.996E-08 3.010E-08 1.686E-05 4.856E-04 3.325E-03
0.23746  8.279 1.306 4.839E-03 6.639E-15 1.194E-03 4.316E-09 4.547E-05 1.703E-08 2.535E-08 1.532E-05 4.550E-04 3.219E-03
0.23915  8.233 1.298 4.812E-03 6.157E-15 1.136E-03 3.575E-09 3.937E-05 1.454E-08 2.135E-08 1.392E-05 4.263E-04 3.116E-03
0.24084  8.188 1.291 4.786E-03 5.713E-15 1.081E-03 2.963E-09 3.409E-05 1.241E-08 1.798E-08 1.265E-05 3.994E-04 3.018E-03
0.24252  8.143 1.283 4.758E-03 5.300E-15 1.029E-03 2.456E-09 2.951E-05 1.059E-08 1.515E-08 1.150E-05 3.742E-04 2.921E-03
0.24420  8.099 1.276 4.731E-03 4.922E-15 9.789E-04 2.038E-09 2.555E-05 9.046E-09 1.276E-08 1.046E-05 3.505E-04 2.829E-03
0.24588  8.055 1.268 4.704E-03 4.570E-15 9.313E-04 1.691E-09 2.213E-05 7.726E-09 1.076E-08 9.508E-06 3.283E-04 2.738E-03
0.24755  8.011 1.260 4.676E-03 4.247E-15 8.859E-04 1.404E-09 1.917E-05 6.600E-09 9.068E-09 8.652E-06 3.074E-04 2.652E-03
0.24922  7.968 1.253 4.648E-03 3.944E-15 8.427E-04 1.165E-09 1.661E-05 5.639E-09 7.645E-09 7.869E-06 2.879E-04 2.567E-03
0.25089  7.925 1.245 4.620E-03 3.668E-15 8.016E-04 9.685E-10 1.439E-05 4.818E-09 6.446E-09 7.164E-06 2.695E-04 2.487E-03
0.25256  7.882 1.237 4.592E-03 3.409E-15 7.623E-04 8.045E-10 1.246E-05 4.118E-09 5.437E-09 6.519E-06 2.524E-04 2.408E-03
0.25422  7.840 1.230 4.564E-03 3.170E-15 7.250E-04 6.686E-10 1.080E-05 3.519E-09 4.586E-09 5.933E-06 2.362E-04 2.331E-03
0.25588  7.799 1.222 4.536E-03 2.947E-15 6.894E-04 5.556E-10 9.355E-06 3.008E-09 3.869E-09 5.399E-06 2.211E-04 2.256E-03
0.25754  7.757 1.214 4.507E-03 2.738E-15 6.556E-04 4.614E-10 8.105E-06 2.572E-09 3.264E-09 4.910E-06 2.070E-04 2.182E-03
0.25920  7.716 1.206 4.479E-03 2.544E-15 6.233E-04 3.832E-10 7.024E-06 2.199E-09 2.754E-09 4.463E-06 1.937E-04 2.109E-03
0.26085  7.676 1.199 4.450E-03 2.362E-15 5.926E-04 3.180E-10 6.087E-06 1.880E-09 2.324E-09 4.055E-06 1.813E-04 2.037E-03
0.26251  7.635 1.191 4.422E-03 2.190E-15 5.634E-04 2.636E-10 5.276E-06 1.608E-09 1.962E-09 3.678E-06 1.696E-04 1.965E-03
0.26416  7.595 1.183 4.393E-03 2.027E-15 5.356E-04 2.182E-10 4.574E-06 1.375E-09 1.656E-09 3.332E-06 1.587E-04 1.892E-03
0.26581  7.556 1.175 4.364E-03 1.873E-15 5.091E-04 1.802E-10 3.965E-06 1.176E-09 1.398E-09 3.012E-06 1.485E-04 1.817E-03
0.26745  7.517 1.168 4.335E-03 1.727E-15 4.839E-04 1.485E-10 3.438E-06 1.006E-09 1.180E-09 2.716E-06 1.389E-04 1.741E-03
0.26910  7.478 1.160 4.306E-03 1.588E-15 4.600E-04 1.221E-10 2.980E-06 8.609E-10 9.966E-10 2.443E-06 1.300E-04 1.664E-03
0.27074  7.439 1.152 4.278E-03 1.455E-15 4.372E-04 1.001E-10 2.583E-06 7.366E-10 8.417E-10 2.190E-06 1.216E-04 1.584E-03
0.27239  7.401 1.144 4.249E-03 1.329E-15 4.155E-04 8.175E-11 2.241E-06 6.303E-10 7.109E-10 1.957E-06 1.137E-04 1.504E-03
0.27403  7.363 1.137 4.220E-03 1.210E-15 3.948E-04 6.653E-11 1.943E-06 5.394E-10 6.004E-10 1.741E-06 1.063E-04 1.421E-03
0.27567  7.325 1.129 4.191E-03 1.097E-15 3.752E-04 5.394E-11 1.685E-06 4.616E-10 5.072E-10 1.544E-06 9.946E-05 1.338E-03
0.27731  7.288 1.121 4.162E-03 9.903E-16 3.566E-04 4.354E-11 1.461E-06 3.951E-10 4.285E-10 1.363E-06 9.301E-05 1.254E-03
0.27895  7.250 1.113 4.133E-03 8.906E-16 3.388E-04 3.502E-11 1.268E-06 3.382E-10 3.621E-10 1.198E-06 8.697E-05 1.171E-03
0.28058  7.214 1.106 4.104E-03 7.976E-16 3.219E-04 2.805E-11 1.099E-06 2.895E-10 3.060E-10 1.049E-06 8.132E-05 1.088E-03
0.28222  7.177 1.098 4.075E-03 7.120E-16 3.059E-04 2.239E-11 9.536E-07 2.478E-10 2.586E-10 9.156E-07 7.604E-05 1.008E-03
0.28385  7.141 1.090 4.046E-03 6.333E-16 2.906E-04 1.781E-11 8.274E-07 2.122E-10 2.185E-10 7.960E-07 7.109E-05 9.296E-04
0.28549  7.105 1.082 4.017E-03 5.610E-16 2.761E-04 1.411E-11 7.178E-07 1.817E-10 1.847E-10 6.893E-07 6.646E-05 8.541E-04
0.28712  7.069 1.074 3.988E-03 4.954E-16 2.623E-04 1.115E-11 6.229E-07 1.556E-10 1.561E-10 5.949E-07 6.213E-05 7.822E-04
0.28875  7.034 1.066 3.959E-03 4.362E-16 2.492E-04 8.779E-12 5.404E-07 1.332E-10 1.320E-10 5.120E-07 5.807E-05 7.141E-04
0.29038  6.999 1.059 3.930E-03 3.829E-16 2.367E-04 6.893E-12 4.690E-07 1.141E-10 1.116E-10 4.392E-07 5.428E-05 6.498E-04
0.29201  6.964 1.051 3.902E-03 3.352E-16 2.249E-04 5.398E-12 4.069E-07 9.773E-11 9.436E-11 3.757E-07 5.074E-05 5.896E-04
0.29364  6.930 1.043 3.873E-03 2.929E-16 2.136E-04 4.218E-12 3.532E-07 8.370E-11 7.979E-11 3.207E-07 4.742E-05 5.339E-04
0.29527  6.895 1.035 3.844E-03 2.554E-16 2.029E-04 3.290E-12 3.065E-07 7.170E-11 6.748E-11 2.733E-07 4.432E-05 4.824E-04
0.29690  6.861 1.027 3.816E-03 2.222E-16 1.927E-04 2.561E-12 2.660E-07 6.142E-11 5.706E-11 2.324E-07 4.142E-05 4.349E-04
0.29853  6.827 1.019 3.787E-03 1.931E-16 1.830E-04 1.991E-12 2.309E-07 5.262E-11 4.826E-11 1.973E-07 3.870E-05 3.915E-04
0.30016  6.794 1.011 3.759E-03 1.675E-16 1.738E-04 1.545E-12 2.004E-07 4.508E-11 4.082E-11 1.672E-07 3.616E-05 3.518E-04
0.30179  6.761 1.004 3.731E-03 1.452E-16 1.651E-04 1.198E-12 1.739E-07 3.862E-11 3.453E-11 1.416E-07 3.379E-05 3.159E-04
0.30342  6.728 0.996 3.702E-03 1.258E-16 1.568E-04 9.283E-13 1.510E-07 3.309E-11 2.921E-11 1.198E-07 3.157E-05 2.832E-04
0.30504  6.695 0.988 3.674E-03 1.088E-16 1.489E-04 7.184E-13 1.311E-07 2.835E-11 2.471E-11 1.012E-07 2.950E-05 2.537E-04
0.30667  6.662 0.980 3.646E-03 9.405E-17 1.414E-04 5.555E-13 1.138E-07 2.430E-11 2.090E-11 8.543E-08 2.756E-05 2.271E-04
0.30830  6.630 0.972 3.618E-03 8.128E-17 1.343E-04 4.295E-13 9.879E-08 2.082E-11 1.768E-11 7.211E-08 2.574E-05 2.031E-04
0.30993  6.598 0.964 3.590E-03 7.019E-17 1.275E-04 3.318E-13 8.575E-08 1.784E-11 1.496E-11 6.081E-08 2.405E-05 1.816E-04
0.31155  6.566 0.956 3.562E-03 6.056E-17 1.210E-04 2.562E-13 7.446E-08 1.529E-11 1.266E-11 5.125E-08 2.246E-05 1.622E-04
0.31318  6.534 0.948 3.535E-03 5.227E-17 1.149E-04 1.978E-13 6.463E-08 1.310E-11 1.071E-11 4.319E-08 2.098E-05 1.449E-04
0.31481  6.503 0.940 3.507E-03 4.510E-17 1.091E-04 1.527E-13 5.613E-08 1.123E-11 9.064E-12 3.638E-08 1.959E-05 1.293E-04
0.31644  6.472 0.932 3.480E-03 3.890E-17 1.036E-04 1.178E-13 4.872E-08 9.623E-12 7.670E-12 3.064E-08 1.830E-05 1.154E-04
0.31807  6.441 0.924 3.452E-03 3.354E-17 9.835E-05 9.087E-14 4.231E-08 8.247E-12 6.490E-12 2.580E-08 1.709E-05 1.030E-04
0.31969  6.410 0.917 3.425E-03 2.892E-17 9.336E-05 7.008E-14 3.673E-08 7.069E-12 5.492E-12 2.172E-08 1.596E-05 9.185E-05
0.32132  6.379 0.909 3.398E-03 2.494E-17 8.863E-05 5.407E-14 3.190E-08 6.058E-12 4.648E-12 1.828E-08 1.490E-05 8.195E-05
0.32295  6.349 0.901 3.371E-03 2.149E-17 8.413E-05 4.168E-14 2.769E-08 5.192E-12 3.933E-12 1.538E-08 1.392E-05 7.305E-05
0.32458  6.319 0.893 3.344E-03 1.853E-17 7.985E-05 3.215E-14 2.405E-08 4.450E-12 3.328E-12 1.295E-08 1.299E-05 6.514E-05
0.32621  6.289 0.885 3.317E-03 1.597E-17 7.580E-05 2.479E-14 2.087E-08 3.814E-12 2.817E-12 1.089E-08 1.213E-05 5.808E-05
0.32784  6.259 0.877 3.290E-03 1.377E-17 7.194E-05 1.912E-14 1.813E-08 3.269E-12 2.384E-12 9.167E-09 1.133E-05 5.178E-05
0.32948  6.230 0.869 3.264E-03 1.188E-17 6.828E-05 1.475E-14 1.574E-08 2.802E-12 2.017E-12 7.719E-09 1.057E-05 4.619E-05
0.33111  6.200 0.861 3.237E-03 1.024E-17 6.480E-05 1.138E-14 1.367E-08 2.402E-12 1.707E-12 6.495E-09 9.871E-06 4.118E-05
0.33274  6.171 0.853 3.211E-03 8.828E-18 6.150E-05 8.775E-15 1.187E-08 2.058E-12 1.445E-12 5.466E-09 9.214E-06 3.671E-05
0.33437  6.142 0.845 3.185E-03 7.612E-18 5.836E-05 6.768E-15 1.030E-08 1.764E-12 1.223E-12 4.600E-09 8.601E-06 3.273E-05
0.33601  6.113 0.837 3.159E-03 6.566E-18 5.538E-05 5.222E-15 8.945E-09 1.512E-12 1.035E-12 3.872E-09 8.028E-06 2.919E-05
0.33764  6.085 0.829 3.133E-03 5.665E-18 5.255E-05 4.030E-15 7.765E-09 1.296E-12 8.757E-13 3.260E-09 7.493E-06 2.604E-05
0.33928  6.057 0.821 3.107E-03 4.885E-18 4.987E-05 3.109E-15 6.743E-09 1.111E-12 7.410E-13 2.744E-09 6.994E-06 2.321E-05
0.34091  6.028 0.813 3.081E-03 4.215E-18 4.732E-05 2.399E-15 5.853E-09 9.518E-13 6.270E-13 2.310E-09 6.527E-06 2.070E-05
0.34255  6.000 0.805 3.056E-03 3.637E-18 4.490E-05 1.851E-15 5.082E-09 8.157E-13 5.306E-13 1.945E-09 6.091E-06 1.846E-05
0.34419  5.972 0.797 3.031E-03 3.139E-18 4.260E-05 1.429E-15 4.411E-09 6.989E-13 4.490E-13 1.638E-09 5.684E-06 1.647E-05
0.34583  5.945 0.789 3.005E-03 2.709E-18 4.041E-05 1.103E-15 3.830E-09 5.990E-13 3.799E-13 1.379E-09 5.304E-06 1.469E-05
0.34747  5.917 0.781 2.980E-03 2.339E-18 3.834E-05 8.515E-16 3.324E-09 5.133E-13 3.214E-13 1.162E-09 4.949E-06 1.311E-05
0.34911  5.890 0.773 2.955E-03 2.019E-18 3.637E-05 6.574E-16 2.886E-09 4.398E-13 2.720E-13 9.787E-10 4.618E-06 1.170E-05
0.35075  5.863 0.765 2.930E-03 1.744E-18 3.450E-05 5.076E-16 2.505E-09 3.768E-13 2.301E-13 8.245E-10 4.308E-06 1.044E-05
0.35240  5.836 0.757 2.906E-03 1.506E-18 3.273E-05 3.921E-16 2.174E-09 3.229E-13 1.947E-13 6.947E-10 4.020E-06 9.318E-06
0.35404  5.809 0.749 2.881E-03 1.301E-18 3.105E-05 3.028E-16 1.887E-09 2.766E-13 1.647E-13 5.855E-10 3.750E-06 8.319E-06
0.35569  5.782 0.741 2.857E-03 1.124E-18 2.945E-05 2.339E-16 1.638E-09 2.370E-13 1.393E-13 4.935E-10 3.498E-06 7.427E-06
0.35733  5.756 0.733 2.833E-03 9.712E-19 2.793E-05 1.807E-16 1.421E-09 2.030E-13 1.178E-13 4.160E-10 3.263E-06 6.632E-06
0.35898  5.729 0.725 2.808E-03 8.394E-19 2.649E-05 1.397E-16 1.233E-09 1.739E-13 9.968E-14 3.507E-10 3.044E-06 5.923E-06
0.36063  5.703 0.717 2.784E-03 7.257E-19 2.512E-05 1.079E-16 1.070E-09 1.490E-13 8.431E-14 2.957E-10 2.839E-06 5.291E-06
0.36228  5.677 0.709 2.761E-03 6.275E-19 2.383E-05 0.000E+00 9.289E-10 1.276E-13 7.131E-14 2.494E-10 2.648E-06 4.727E-06
0.36393  5.651 0.701 2.737E-03 5.427E-19 2.259E-05 0.000E+00 8.059E-10 1.093E-13 6.030E-14 2.104E-10 2.470E-06 4.224E-06
0.36559  5.625 0.693 2.713E-03 4.694E-19 2.143E-05 0.000E+00 6.993E-10 9.360E-14 5.099E-14 1.775E-10 2.303E-06 3.775E-06
0.36724  5.600 0.685 2.690E-03 4.062E-19 2.032E-05 0.000E+00 6.066E-10 8.016E-14 4.312E-14 1.498E-10 2.148E-06 3.375E-06
0.36890  5.574 0.677 2.667E-03 3.515E-19 1.927E-05 0.000E+00 5.263E-10 6.864E-14 3.646E-14 1.264E-10 2.003E-06 3.017E-06
0.37055  5.549 0.669 2.644E-03 3.043E-19 1.827E-05 0.000E+00 4.564E-10 5.878E-14 3.083E-14 1.067E-10 1.868E-06 2.699E-06
0.37221  5.524 0.661 2.621E-03 2.634E-19 1.732E-05 0.000E+00 3.960E-10 5.032E-14 2.606E-14 9.013E-11 1.741E-06 2.414E-06
0.37387  5.499 0.653 2.598E-03 2.282E-19 1.642E-05 0.000E+00 3.435E-10 4.308E-14 2.203E-14 7.612E-11 1.624E-06 2.160E-06
0.37554  5.474 0.645 2.575E-03 1.976E-19 1.557E-05 0.000E+00 2.979E-10 3.688E-14 1.862E-14 6.429E-11 1.514E-06 1.933E-06
0.37720  5.449 0.637 2.553E-03 1.712E-19 1.476E-05 0.000E+00 2.583E-10 3.157E-14 1.574E-14 5.433E-11 1.411E-06 1.730E-06
0.37887  5.425 0.629 2.530E-03 1.484E-19 1.399E-05 0.000E+00 2.240E-10 2.702E-14 1.330E-14 4.591E-11 1.316E-06 1.549E-06
0.38053  5.400 0.620 2.508E-03 1.286E-19 1.326E-05 0.000E+00 1.942E-10 2.313E-14 1.124E-14 3.881E-11 1.227E-06 1.387E-06
0.38220  5.376 0.612 2.486E-03 1.115E-19 1.257E-05 0.000E+00 1.684E-10 1.979E-14 9.498E-15 3.281E-11 1.143E-06 1.243E-06
0.38387  5.352 0.604 2.464E-03 9.676E-20 1.192E-05 0.000E+00 1.460E-10 1.694E-14 8.025E-15 2.775E-11 1.066E-06 1.114E-06
0.38554  5.328 0.596 2.442E-03 8.395E-20 1.129E-05 0.000E+00 1.266E-10 1.449E-14 6.780E-15 2.348E-11 9.934E-07 9.984E-07
0.38722  5.304 0.588 2.421E-03 7.287E-20 1.070E-05 0.000E+00 1.097E-10 1.240E-14 5.727E-15 1.987E-11 9.259E-07 8.953E-07
0.38889  5.280 0.580 2.399E-03 6.325E-20 1.015E-05 0.000E+00 9.509E-11 1.061E-14 4.837E-15 1.682E-11 8.629E-07 8.029E-07
0.39057  5.256 0.572 2.378E-03 5.492E-20 9.615E-06 0.000E+00 8.242E-11 9.074E-15 4.085E-15 1.424E-11 8.042E-07 7.203E-07
0.39225  5.233 0.564 2.357E-03 4.771E-20 9.112E-06 0.000E+00 7.141E-11 7.761E-15 3.450E-15 1.206E-11 7.495E-07 6.465E-07
0.39393  5.209 0.556 2.336E-03 4.146E-20 8.634E-06 0.000E+00 6.189E-11 6.637E-15 2.913E-15 1.021E-11 6.984E-07 5.803E-07
0.39561  5.186 0.548 2.315E-03 3.604E-20 8.182E-06 0.000E+00 5.362E-11 5.675E-15 2.459E-15 8.655E-12 6.508E-07 5.212E-07
0.39730  5.163 0.540 2.294E-03 3.133E-20 7.753E-06 0.000E+00 4.645E-11 4.853E-15 2.076E-15 7.335E-12 6.064E-07 4.681E-07
0.39898  5.140 0.532 2.273E-03 2.725E-20 7.346E-06 0.000E+00 4.024E-11 4.149E-15 1.752E-15 6.218E-12 5.650E-07 4.206E-07
0.40067  5.117 0.524 2.253E-03 2.370E-20 6.960E-06 0.000E+00 3.485E-11 3.547E-15 1.479E-15 5.274E-12 5.264E-07 3.781E-07
0.40236  5.094 0.516 2.232E-03 2.063E-20 6.594E-06 0.000E+00 3.018E-11 3.031E-15 1.248E-15 4.475E-12 4.904E-07 3.400E-07
0.40405  5.072 0.508 2.212E-03 1.796E-20 6.247E-06 0.000E+00 2.614E-11 2.590E-15 1.053E-15 3.797E-12 4.569E-07 3.059E-07
0.40575  5.049 0.499 2.192E-03 1.564E-20 5.918E-06 0.000E+00 2.263E-11 2.214E-15 8.883E-16 3.223E-12 4.256E-07 2.752E-07
0.40744  5.027 0.491 2.172E-03 1.362E-20 5.606E-06 0.000E+00 1.959E-11 1.891E-15 7.493E-16 2.736E-12 3.964E-07 2.477E-07
0.40914  5.004 0.483 2.153E-03 1.188E-20 5.310E-06 0.000E+00 1.696E-11 1.616E-15 6.320E-16 2.325E-12 3.693E-07 2.231E-07
