# SnoCosZenith.dat
#
# Day Livetime Distribution for SNO Pure D2O data set
# used in PRLs nucl-ex/0204008 and nucl-ex/0204009
#
# Livetime in seconds in Cosine(Zenith) Angle between -1 and 1, 480 bins
#
#
#
  60159.48
  60157.90
  60234.48
  59981.35
  60192.39
  60250.41
  60303.48
  60448.31
  60374.68
  60324.01
  60375.73
  60272.48
  60155.11
  60531.04
  60394.99
  60195.88
  59620.40
  59352.50
  59370.32
  59585.25
  59575.30
  59367.36
  59073.72
  58882.82
  59243.31
  59288.02
  58948.56
  58954.50
  59257.32
  59034.95
  59083.38
  59281.79
  59547.59
  59799.04
  60162.81
  60114.32
  59583.07
  59605.48
  59491.66
  59935.23
  59986.53
  60121.65
  60357.52
  60465.19
  60541.61
  60905.05
  61118.30
  61107.27
  61038.79
  61508.05
  61546.99
  61547.62
  61706.14
  61701.27
  61624.77
  62144.61
  62326.85
  62056.93
  62596.74
  62648.16
  62655.70
  62806.52
  63160.08
  63317.90
  64031.32
  64792.95
  65207.07
  65752.78
  66737.20
  67193.61
  68265.95
  69167.70
  70034.46
  71069.70
  72152.85
  73329.67
  74909.52
  77241.68
  79539.92
  82756.59
  88017.92
  99021.12
  121739.2
  89277.84
  78515.95
  66065.66
  68601.35
  62846.25
  59989.86
  61566.98
  66459.38
  63723.37
  59033.32
  60657.42
  64283.69
  64612.13
  61164.14
  56770.42
  51308.69
  53072.36
  56323.44
  58190.27
  56005.26
  53765.05
  52351.17
  51606.84
  52845.12
  53221.47
  53412.16
  55313.84
  56830.81
  53013.16
  47838.07
  43675.86
  42474.98
  41186.11
  39666.04
  40520.35
  41378.50
  42517.52
  41348.18
  39566.09
  41592.60
  39813.68
  40729.54
  42001.31
  43734.07
  44741.57
  40951.43
  40466.54
  40200.36
  42005.69
  45166.04
  44578.41
  45959.60
  48257.65
  48027.89
  47269.43
  45325.18
  45823.05
  45573.78
  42281.97
  46222.83
  45803.84
  46882.55
  46182.11
  42744.34
  41460.28
  40766.97
  40664.09
  37794.84
  40818.96
  39825.29
  40105.02
  39035.45
  39014.06
  37545.49
  36553.44
  35125.43
  34513.82
  34882.41
  34156.55
  36379.56
  34642.27
  33300.05
  32057.59
  31470.17
  28722.06
  29699.14
  31005.69
  32534.68
  31686.04
  33545.51
  33590.75
  32907.48
  31964.73
  32842.52
  34557.49
  34609.77
  34484.57
  34879.89
  36527.20
  38488.16
  37494.09
  35050.48
  35148.81
  36982.53
  31821.25
  33763.16
  31914.01
  35033.18
  38348.48
  37335.41
  33368.73
  32445.89
  27420.13
  28998.35
  33648.66
  32459.73
  29045.29
  28530.63
  31042.25
  36630.90
  37523.19
  34152.77
  30558.32
  30646.48
  30777.36
  29097.11
  29732.82
  31460.36
  32689.98
  31884.92
  37457.38
  42695.23
  38338.34
  31178.37
  29230.07
  34298.59
  38157.72
  22054.96
        0.
        0.
        0.
        0.
        0.
        0.
        0.
        0.
        0.
        0.
        0.
        0.
        0.
        0.
        0.
        0.
        0.
        0.
        0.
