# SnoCosZenith.dat
#
# Livetime Distribution for SNO Pure D2O data set
# used in PRLs nucl-ex/0204008 and nucl-ex/0204009
#
# Livetime in seconds in Cosine(Zenith) Angle between -1 and 1, 480 bins
#
#
#
        0.
        0.
        0.
        0.
        0.
        0.
        0.
        0.
        0.
        0.
        0.
        0.
        0.
        0.
        0.
        0.
        0.
        0.
        0.
  84533.33
  97593.33
  86614.20
  75566.42
  79532.30
  77045.07
  81880.93
  85593.41
  80641.81
  84675.29
  79656.66
  72727.22
  72032.57
  76068.43
  81562.41
  84678.54
  80041.36
  71661.50
  68868.23
  68064.79
  63073.40
  65690.94
  64269.88
  64671.51
  65497.02
  65543.83
  66562.79
  62863.50
  62216.66
  62557.04
  63826.41
  66604.71
  64183.09
  64576.03
  65123.99
  64859.73
  64058.89
  66499.73
  68018.73
  69503.30
  67884.50
  66940.01
  66881.68
  67582.49
  68785.34
  67764.55
  64389.93
  66387.95
  66300.30
  66037.54
  65925.23
  66750.92
  68012.68
  66688.96
  66405.37
  67102.45
  66336.70
  65337.44
  66537.74
  65395.91
  63817.60
  62694.98
  61596.10
  61388.55
  63142.58
  63019.42
  61704.64
  60329.91
  59583.88
  60845.42
  59964.68
  60300.15
  59803.61
  59537.41
  61625.99
  62733.15
  62959.43
  62982.45
  63787.66
  66201.56
  67866.33
  68584.96
  65068.79
  67233.30
  64686.10
  67244.77
  67248.45
  69622.96
  71553.39
  70630.96
  72455.70
  72594.23
  71415.52
  71318.52
  71358.01
  69312.26
  72729.52
  71753.02
  68760.13
  67004.47
  67529.37
  66701.97
  67285.90
  68590.23
  69383.94
  69906.62
  70594.98
  72027.86
  69610.27
  68918.78
  68994.07
  69004.28
  68985.91
  68357.59
  71152.03
  69895.10
  69267.49
  71743.50
  73458.68
  72150.24
  70592.44
  72060.95
  72246.81
  76672.17
  79998.69
  81155.52
  84341.83
  85427.77
  85537.79
  86001.10
  84170.44
  82621.84
  82383.84
  80350.16
  84034.05
  91947.32
  94835.76
  97317.92
  110378.3
  98593.37
  92173.38
  88951.77
  86595.58
  84660.95
  82793.54
  81456.33
  80262.84
  79041.59
  77823.67
  76724.69
  75893.26
  75053.70
  74714.66
  74178.74
  73096.82
  72504.97
  71872.47
  71173.97
  70925.52
  70039.62
  69598.54
  68997.95
  68646.09
  68173.02
  68019.66
  67635.93
  67184.90
  66659.48
  66500.74
  66303.93
  65949.48
  65782.26
  65350.60
  65399.10
  65637.09
  65446.03
  64818.23
  64797.89
  64800.28
  64601.40
  64476.81
  64349.98
  64489.91
  64226.22
  63956.47
  63513.82
  63373.80
  63495.21
  63340.18
  63090.16
  62792.86
  62684.35
  62228.04
  62354.96
  62319.11
  62454.68
  62330.83
  61784.18
  61767.18
  61874.20
  61549.47
  61513.18
  61637.83
  61620.56
  61179.25
  61342.76
  61209.52
  60897.05
  60820.14
  60109.34
  60264.41
  60365.65
  60484.48
  60201.59
  59894.00
  60171.55
  60055.25
  60159.95
  60156.89
  59953.44
  59716.41
