# SnoCosZenith.dat
#
# Livetime Distribution for SNO Pure D2O data set
# used in PRLs nucl-ex/0204008 and nucl-ex/0204009
# 
# Livetime in seconds in Cosine(Zenith) Angle between -1 and 1, 480 bins
#
#
#
        0.    
        0.    
        0.    
        0.    
        0.    
        0.    
        0.    
        0.    
        0.    
        0.    
        0.    
        0.    
        0.    
        0.    
        0.    
        0.    
        0.    
        0.    
        0.    
  84533.33    
  97593.33    
  86614.20    
  75566.42    
  79532.30    
  77045.07    
  81880.93    
  85593.41    
  80641.81    
  84675.29    
  79656.66    
  72727.22    
  72032.57    
  76068.43    
  81562.41    
  84678.54    
  80041.36    
  71661.50    
  68868.23    
  68064.79    
  63073.40    
  65690.94    
  64269.88    
  64671.51    
  65497.02    
  65543.83    
  66562.79    
  62863.50    
  62216.66    
  62557.04    
  63826.41    
  66604.71    
  64183.09    
  64576.03    
  65123.99    
  64859.73    
  64058.89    
  66499.73    
  68018.73    
  69503.30    
  67884.50    
  66940.01    
  66881.68    
  67582.49    
  68785.34    
  67764.55    
  64389.93    
  66387.95    
  66300.30    
  66037.54    
  65925.23    
  66750.92    
  68012.68    
  66688.96    
  66405.37    
  67102.45    
  66336.70    
  65337.44    
  66537.74    
  65395.91    
  63817.60    
  62694.98    
  61596.10    
  61388.55    
  63142.58    
  63019.42    
  61704.64    
  60329.91    
  59583.88    
  60845.42    
  59964.68    
  60300.15    
  59803.61    
  59537.41    
  61625.99    
  62733.15    
  62959.43    
  62982.45    
  63787.66    
  66201.56    
  67866.33    
  68584.96    
  65068.79    
  67233.30    
  64686.10    
  67244.77    
  67248.45    
  69622.96    
  71553.39    
  70630.96    
  72455.70    
  72594.23    
  71415.52    
  71318.52    
  71358.01    
  69312.26    
  72729.52    
  71753.02    
  68760.13    
  67004.47    
  67529.37    
  66701.97    
  67285.90    
  68590.23    
  69383.94    
  69906.62    
  70594.98    
  72027.86    
  69610.27    
  68918.78    
  68994.07    
  69004.28    
  68985.91    
  68357.59    
  71152.03    
  69895.10    
  69267.49    
  71743.50    
  73458.68    
  72150.24    
  70592.44    
  72060.95    
  72246.81    
  76672.17    
  79998.69    
  81155.52    
  84341.83    
  85427.77    
  85537.79    
  86001.10    
  84170.44    
  82621.84    
  82383.84    
  80350.16    
  84034.05    
  91947.32    
  94835.76    
  97317.92    
  110378.3    
  98593.37    
  92173.38    
  88951.77    
  86595.58    
  84660.95    
  82793.54    
  81456.33    
  80262.84    
  79041.59    
  77823.67    
  76724.69    
  75893.26    
  75053.70    
  74714.66    
  74178.74    
  73096.82    
  72504.97    
  71872.47    
  71173.97    
  70925.52    
  70039.62    
  69598.54    
  68997.95    
  68646.09    
  68173.02    
  68019.66    
  67635.93    
  67184.90    
  66659.48    
  66500.74    
  66303.93    
  65949.48    
  65782.26    
  65350.60    
  65399.10    
  65637.09    
  65446.03    
  64818.23    
  64797.89    
  64800.28    
  64601.40    
  64476.81    
  64349.98    
  64489.91    
  64226.22    
  63956.47    
  63513.82    
  63373.80    
  63495.21    
  63340.18    
  63090.16    
  62792.86    
  62684.35    
  62228.04    
  62354.96    
  62319.11    
  62454.68    
  62330.83    
  61784.18    
  61767.18    
  61874.20    
  61549.47    
  61513.18    
  61637.83    
  61620.56    
  61179.25    
  61342.76    
  61209.52    
  60897.05    
  60820.14    
  60109.34    
  60264.41    
  60365.65    
  60484.48    
  60201.59    
  59894.00    
  60171.55    
  60055.25    
  60159.95    
  60156.89    
  59953.44    
  59716.41    
  60159.48    
  60157.90    
  60234.48    
  59981.35    
  60192.39    
  60250.41    
  60303.48    
  60448.31    
  60374.68    
  60324.01    
  60375.73    
  60272.48    
  60155.11    
  60531.04    
  60394.99    
  60195.88    
  59620.40    
  59352.50    
  59370.32    
  59585.25    
  59575.30    
  59367.36    
  59073.72    
  58882.82    
  59243.31    
  59288.02    
  58948.56    
  58954.50    
  59257.32    
  59034.95    
  59083.38    
  59281.79    
  59547.59    
  59799.04    
  60162.81    
  60114.32    
  59583.07    
  59605.48    
  59491.66    
  59935.23    
  59986.53    
  60121.65    
  60357.52    
  60465.19    
  60541.61    
  60905.05    
  61118.30    
  61107.27    
  61038.79    
  61508.05    
  61546.99    
  61547.62    
  61706.14    
  61701.27    
  61624.77    
  62144.61    
  62326.85    
  62056.93    
  62596.74    
  62648.16    
  62655.70    
  62806.52    
  63160.08    
  63317.90    
  64031.32    
  64792.95    
  65207.07    
  65752.78    
  66737.20    
  67193.61    
  68265.95    
  69167.70    
  70034.46    
  71069.70    
  72152.85    
  73329.67    
  74909.52    
  77241.68    
  79539.92    
  82756.59    
  88017.92    
  99021.12    
  121739.2    
  89277.84    
  78515.95    
  66065.66    
  68601.35    
  62846.25    
  59989.86    
  61566.98    
  66459.38    
  63723.37    
  59033.32    
  60657.42    
  64283.69    
  64612.13    
  61164.14    
  56770.42    
  51308.69    
  53072.36    
  56323.44    
  58190.27    
  56005.26    
  53765.05    
  52351.17    
  51606.84    
  52845.12    
  53221.47    
  53412.16    
  55313.84    
  56830.81    
  53013.16    
  47838.07    
  43675.86    
  42474.98    
  41186.11    
  39666.04    
  40520.35    
  41378.50    
  42517.52    
  41348.18    
  39566.09    
  41592.60    
  39813.68    
  40729.54    
  42001.31    
  43734.07    
  44741.57    
  40951.43    
  40466.54    
  40200.36    
  42005.69    
  45166.04    
  44578.41    
  45959.60    
  48257.65    
  48027.89    
  47269.43    
  45325.18    
  45823.05    
  45573.78    
  42281.97    
  46222.83    
  45803.84    
  46882.55    
  46182.11    
  42744.34    
  41460.28    
  40766.97    
  40664.09    
  37794.84    
  40818.96    
  39825.29    
  40105.02    
  39035.45    
  39014.06    
  37545.49    
  36553.44    
  35125.43    
  34513.82    
  34882.41    
  34156.55    
  36379.56    
  34642.27    
  33300.05    
  32057.59    
  31470.17    
  28722.06    
  29699.14    
  31005.69    
  32534.68    
  31686.04    
  33545.51    
  33590.75    
  32907.48    
  31964.73    
  32842.52    
  34557.49    
  34609.77    
  34484.57    
  34879.89    
  36527.20    
  38488.16    
  37494.09    
  35050.48    
  35148.81    
  36982.53    
  31821.25    
  33763.16    
  31914.01    
  35033.18    
  38348.48    
  37335.41    
  33368.73    
  32445.89    
  27420.13    
  28998.35    
  33648.66    
  32459.73    
  29045.29    
  28530.63    
  31042.25    
  36630.90    
  37523.19    
  34152.77    
  30558.32    
  30646.48    
  30777.36    
  29097.11    
  29732.82    
  31460.36    
  32689.98    
  31884.92    
  37457.38    
  42695.23    
  38338.34    
  31178.37    
  29230.07    
  34298.59    
  38157.72    
  22054.96    
        0.    
        0.    
        0.    
        0.    
        0.    
        0.    
        0.    
        0.    
        0.    
        0.    
        0.    
        0.    
        0.    
        0.    
        0.    
        0.    
        0.    
        0.    
        0.    
